Graph 1, order 60.
0 1 0 1 0 0 0 0 0 0 0 0 0 0 1 0 0 0 0 0 0 0 0 0 1 0 0 0 0 0 0 0 0 0 1 0 1 0 0 0 1 0 0 0 0 0 0 1 1 0 0 1 1 0 0 1 1 0 0 0
1 0 0 1 0 0 0 0 0 0 1 0 1 0 0 0 0 0 0 0 1 1 0 0 0 0 0 0 0 0 0 0 0 0 0 0 0 0 0 0 0 1 0 1 0 1 0 0 1 0 1 0 0 1 0 1 0 0 1 0
0 0 0 0 0 0 0 1 0 0 1 1 0 0 0 0 0 0 0 0 0 0 0 1 1 0 0 0 0 0 0 0 0 0 1 1 1 0 1 0 0 0 1 0 0 0 1 0 0 1 0 0 1 0 0 1 0 0 0 1
1 1 0 0 0 0 0 0 0 1 1 0 0 0 0 1 0 0 0 0 0 0 0 0 0 0 0 0 0 0 0 0 0 0 0 0 0 0 0 0 1 0 1 0 0 1 0 1 1 0 0 0 0 1 0 1 1 1 1 0
0 0 0 0 0 0 0 0 0 1 1 0 0 0 1 0 0 0 0 1 0 0 1 1 0 0 1 0 0 0 0 0 1 0 1 0 0 0 0 0 0 0 1 0 0 0 1 0 0 1 0 0 0 0 1 0 1 0 1 0
0 0 0 0 0 0 0 1 0 1 0 0 0 1 0 0 0 0 0 0 0 0 1 1 0 0 0 1 0 0 1 0 0 0 0 1 0 1 0 0 0 0 0 0 0 0 0 0 0 1 1 0 0 1 1 0 0 1 1 0
0 0 0 0 0 0 0 0 1 0 0 0 1 0 0 0 1 0 1 0 0 0 0 1 0 0 0 0 0 0 0 1 0 0 0 0 1 0 0 0 0 1 1 0 1 1 0 0 0 1 1 0 1 0 0 0 0 1 0 1
0 0 1 0 0 1 0 0 0 0 0 0 0 0 0 0 0 0 0 0 0 0 0 0 1 0 0 0 0 1 0 1 0 0 1 0 0 0 0 1 1 0 0 0 0 0 0 1 0 1 1 1 1 1 0 1 1 0 0 0
0 0 0 0 0 0 1 0 0 1 0 0 1 0 0 0 0 1 1 0 1 0 0 1 0 0 0 0 1 1 0 0 1 0 0 0 0 0 0 0 0 0 0 0 0 0 0 0 0 1 1 0 1 0 1 0 1 1 0 1
0 0 0 1 1 1 0 0 1 0 0 0 0 0 0 1 0 0 0 0 0 0 0 1 0 1 1 0 0 0 0 1 0 1 1 0 1 0 0 0 0 0 0 1 0 0 0 0 0 0 0 1 0 0 0 0 1 1 0 1
0 1 1 1 1 0 0 0 0 0 0 0 0 1 1 0 0 0 1 0 0 0 0 0 0 0 0 0 0 0 1 1 0 1 1 0 0 0 0 0 0 0 0 0 0 0 1 0 1 0 0 0 0 1 1 0 1 0 0 1
0 0 1 0 0 0 0 0 0 0 0 0 1 1 0 0 0 0 1 0 1 0 0 0 0 1 0 0 0 0 0 0 1 1 0 0 0 1 1 0 0 1 1 0 0 0 0 1 0 1 0 0 1 0 1 0 0 0 0 1
0 1 0 0 0 0 1 0 1 0 0 1 0 0 0 0 0 0 0 0 0 0 0 0 0 0 0 0 0 1 1 0 0 1 0 0 1 1 0 0 0 0 1 1 1 0 0 0 0 1 0 0 1 0 1 0 0 0 1 1
0 0 0 0 0 1 0 0 0 0 1 1 0 0 0 0 0 0 1 0 0 0 1 0 0 0 0 0 0 1 1 0 0 1 0 1 0 0 0 0 0 0 0 1 0 0 1 0 1 1 0 1 1 0 0 0 1 0 1 0
1 0 0 0 1 0 0 0 0 0 1 0 0 0 0 0 1 0 0 0 0 1 1 0 0 0 0 1 0 0 0 0 0 1 0 0 1 1 0 0 0 1 1 0 0 0 0 1 0 0 1 1 0 1 0 0 1 0 0 0
0 0 0 1 0 0 0 0 0 1 0 0 0 0 0 0 1 0 1 0 0 0 1 1 0 1 1 0 1 0 0 0 1 0 1 0 1 0 0 0 0 1 1 1 0 1 0 0 0 0 0 0 0 0 0 0 0 1 0 0
0 0 0 0 0 0 1 0 0 0 0 0 0 0 1 1 0 1 1 1 1 0 0 0 0 0 1 0 0 1 0 0 0 1 0 1 0 0 0 0 1 0 0 0 1 0 0 0 1 0 1 0 0 0 1 0 0 0 1 0
0 0 0 0 0 0 0 0 1 0 0 0 0 0 0 0 1 0 0 1 0 1 0 1 0 0 0 0 0 1 0 0 0 1 1 1 0 1 0 0 1 1 0 1 0 0 0 1 0 1 0 0 0 0 0 0 1 1 0 1
0 0 0 0 0 0 1 0 1 0 1 1 0 1 0 1 1 0 0 0 0 0 0 0 1 1 0 0 0 1 0 0 1 0 0 1 1 0 1 0 1 0 0 0 1 0 0 0 1 0 0 0 0 0 0 0 0 0 0 1
0 0 0 0 1 0 0 0 0 0 0 0 0 0 0 0 1 1 0 0 0 0 0 1 1 1 0 1 1 0 0 0 1 0 0 0 0 1 0 0 1 0 0 0 1 0 0 0 0 0 1 0 0 1 0 1 0 1 1 1
0 1 0 0 0 0 0 0 1 0 0 1 0 0 0 0 1 0 0 0 0 1 0 0 0 1 0 0 0 1 1 0 0 0 0 0 1 1 1 0 0 0 1 0 1 1 0 0 1 0 0 0 1 0 0 0 1 1 0 0
0 1 0 0 0 0 0 0 0 0 0 0 0 0 1 0 0 1 0 0 1 0 1 0 1 0 0 1 0 0 0 0 0 0 0 1 1 0 1 1 1 0 0 1 0 0 1 0 0 1 1 1 0 0 0 0 0 1 0 0
0 0 0 0 1 1 0 0 0 0 0 0 0 1 1 1 0 0 0 0 0 1 0 0 1 1 0 1 1 0 1 0 0 0 0 0 0 0 0 0 0 1 0 0 0 1 1 0 0 1 0 0 1 0 0 1 0 0 1 0
0 0 1 0 1 1 1 0 1 1 0 0 0 0 0 1 0 1 0 1 0 0 0 0 1 0 0 0 0 0 0 0 1 0 1 0 0 0 0 0 0 0 1 0 0 0 1 1 0 0 0 0 0 1 1 0 0 0 1 0
1 0 1 0 0 0 0 1 0 0 0 0 0 0 0 0 0 0 1 1 0 1 1 1 0 0 0 0 0 0 0 0 0 0 0 1 0 0 1 0 0 0 0 0 0 1 0 0 0 0 0 1 1 0 1 1 1 1 1 1
0 0 0 0 0 0 0 0 0 1 0 1 0 0 0 1 0 0 1 1 1 0 1 0 0 0 0 1 0 0 1 0 1 0 0 0 0 1 0 0 0 1 0 0 0 1 0 1 0 0 0 1 0 0 0 0 1 1 1 1
0 0 0 0 1 0 0 0 0 1 0 0 0 0 0 1 1 0 0 0 0 0 0 0 0 0 0 1 1 0 0 1 0 0 0 1 0 1 1 0 0 1 0 0 0 1 1 0 1 0 1 1 0 1 0 1 0 0 0 1
0 0 0 0 0 1 0 0 0 0 0 0 0 0 1 0 0 0 0 1 0 1 1 0 0 1 1 0 1 1 0 0 1 0 0 0 0 0 0 1 0 1 0 0 1 0 0 0 1 0 0 0 0 1 1 1 1 0 1 0
0 0 0 0 0 0 0 0 1 0 0 0 0 0 0 1 0 0 0 1 0 0 1 0 0 0 1 1 0 1 0 0 0 1 1 0 0 0 0 1 1 0 1 0 1 0 1 0 1 0 0 0 0 1 0 1 1 0 1 0
0 0 0 0 0 0 0 1 1 0 0 0 1 1 0 0 1 1 1 0 1 0 0 0 0 0 0 1 1 0 1 0 0 1 0 0 0 0 1 0 0 0 0 1 0 0 1 1 0 0 0 0 1 1 0 1 0 0 0 0
0 0 0 0 0 1 0 0 0 0 1 0 1 1 0 0 0 0 0 0 1 0 1 0 0 1 0 0 0 1 0 1 0 0 0 1 0 1 1 0 0 0 0 0 0 1 1 0 0 0 1 1 0 1 1 0 0 0 1 0
0 0 0 0 0 0 1 1 0 1 1 0 0 0 0 0 0 0 0 0 0 0 0 0 0 0 1 0 0 0 1 0 1 0 0 0 0 0 0 1 1 1 0 0 1 0 1 0 0 0 1 1 1 1 1 1 1 0 0 1
0 0 0 0 1 0 0 0 1 0 0 1 0 0 0 1 0 0 1 1 0 0 0 1 0 1 0 1 0 0 0 1 0 0 0 1 0 0 1 0 1 0 1 1 0 0 0 0 0 1 0 1 0 0 1 0 0 1 0 1
0 0 0 0 0 0 0 0 0 1 1 1 1 1 1 0 1 1 0 0 0 0 0 0 0 0 0 0 1 1 0 0 0 0 0 0 0 0 0 1 0 0 1 1 0 0 0 1 1 1 0 1 0 1 1 0 0 0 0 1
1 0 1 0 1 0 0 1 0 1 1 0 0 0 0 1 0 1 0 0 0 0 0 1 0 0 0 0 1 0 0 0 0 0 0 0 1 0 0 1 0 0 0 1 1 1 0 1 0 0 0 0 0 1 0 1 1 1 0 0
0 0 1 0 0 1 0 0 0 0 0 0 0 1 0 0 1 1 1 0 0 1 0 0 1 0 1 0 0 0 1 0 1 0 0 0 1 0 1 0 0 0 0 0 0 0 1 0 1 1 1 0 1 1 1 0 0 0 0 0
1 0 1 0 0 0 1 0 0 1 0 0 1 0 1 1 0 0 1 0 1 1 0 0 0 0 0 0 0 0 0 0 0 0 1 1 0 1 0 0 1 0 0 0 1 0 0 0 0 1 1 0 1 0 0 0 0 1 1 0
0 0 0 0 0 1 0 0 0 0 0 1 1 0 1 0 0 1 0 1 1 0 0 0 0 1 1 0 0 0 1 0 0 0 0 0 1 0 0 0 0 0 0 1 0 1 1 0 1 0 1 1 0 1 0 1 1 0 0 1
0 0 1 0 0 0 0 0 0 0 0 1 0 0 0 0 0 0 1 0 1 1 0 0 1 0 1 0 0 1 1 0 1 0 0 1 0 0 0 1 0 1 0 0 0 0 1 1 0 0 1 1 0 1 0 0 0 1 1 1
0 0 0 0 0 0 0 1 0 0 0 0 0 0 0 0 0 0 0 0 0 1 0 0 0 0 0 1 1 0 0 1 0 1 1 0 0 0 1 0 1 0 0 1 1 1 1 1 1 1 1 1 1 0 0 0 0 1 1 0
1 0 0 1 0 0 0 1 0 0 0 0 0 0 0 0 1 1 1 1 0 1 0 0 0 0 0 0 1 0 0 1 1 0 0 0 1 0 0 1 0 0 0 0 0 1 1 1 0 0 1 0 1 0 1 0 0 1 1 0
0 1 0 0 0 0 1 0 0 0 0 1 0 0 1 1 0 1 0 0 0 0 1 0 0 1 1 1 0 0 0 1 0 0 0 0 0 0 1 0 0 0 1 1 1 1 1 1 1 0 1 0 0 0 0 0 0 0 1 1
0 0 1 1 1 0 1 0 0 0 0 1 1 0 1 1 0 0 0 0 1 0 0 1 0 0 0 0 1 0 0 0 1 1 0 0 0 0 0 0 0 1 0 0 0 1 0 1 0 1 0 0 1 0 1 1 0 0 1 1
0 1 0 0 0 0 0 0 0 1 0 0 1 1 0 1 0 1 0 0 0 1 0 0 0 0 0 0 0 1 0 0 1 1 1 0 0 1 0 1 0 1 0 0 1 0 1 0 1 1 1 0 1 0 0 0 0 0 1 1
0 0 0 0 0 0 1 0 0 0 0 0 1 0 0 0 1 0 1 1 1 0 0 0 0 0 0 1 1 0 0 1 0 0 1 0 1 0 0 1 0 1 0 1 0 1 0 1 1 0 1 0 1 0 1 0 1 0 1 0
0 1 0 1 0 0 1 0 0 0 0 0 0 0 0 1 0 0 0 0 1 0 1 0 1 1 1 0 0 0 1 0 0 0 1 0 0 1 0 1 1 1 1 0 1 0 0 1 1 0 0 0 0 0 1 1 1 0 0 0
0 0 1 0 1 0 0 0 0 0 1 0 0 1 0 0 0 0 0 0 0 1 1 1 0 0 1 0 1 1 1 1 0 0 0 1 0 1 1 1 1 1 0 1 0 0 0 0 1 0 0 1 0 0 0 1 0 0 0 1
1 0 0 1 0 0 0 1 0 0 0 1 0 0 1 0 0 1 0 0 0 0 0 1 0 1 0 0 0 1 0 0 0 1 1 0 0 0 1 1 1 1 1 0 1 1 0 0 0 0 0 1 0 1 0 1 1 1 0 1
1 1 0 1 0 0 0 0 0 0 1 0 0 1 0 0 1 0 1 0 1 0 0 0 0 0 1 1 1 0 0 0 0 1 0 1 0 1 0 1 0 1 0 1 1 1 1 0 0 1 0 1 0 0 0 0 0 0 1 1
0 0 1 0 1 1 1 1 1 0 0 1 1 1 0 0 0 1 0 0 0 1 1 0 0 0 0 0 0 0 0 0 1 1 0 1 1 0 0 1 0 0 1 1 0 0 0 0 1 0 1 0 0 0 1 0 0 1 0 1
0 1 0 0 0 1 1 1 1 0 0 0 0 0 1 0 1 0 0 1 0 1 0 0 0 0 1 0 0 0 1 1 0 0 0 1 1 1 1 1 1 1 0 1 1 0 0 0 0 1 0 0 0 0 0 1 1 0 0 0
1 0 0 0 0 0 0 1 0 1 0 0 0 1 1 0 0 0 0 0 0 1 0 0 1 1 1 0 0 0 1 1 1 1 0 0 0 1 1 1 0 0 0 0 0 0 1 1 1 0 0 0 0 1 1 1 1 0 1 0
1 0 1 0 0 0 1 1 1 0 0 1 1 1 0 0 0 0 0 0 1 0 1 0 1 0 0 0 0 1 0 1 0 0 0 1 1 0 0 1 1 0 1 1 1 0 0 0 0 0 0 0 0 1 1 0 1 1 0 0
0 1 0 1 0 1 0 1 0 0 1 0 0 0 1 0 0 0 0 1 0 0 0 1 0 0 1 1 1 1 1 1 0 1 1 1 0 1 1 0 0 0 0 0 0 0 0 1 0 0 0 1 1 0 1 1 0 1 0 1
0 0 0 0 1 1 0 0 1 0 1 1 1 0 0 0 1 0 0 0 0 0 0 1 1 0 0 1 0 0 1 1 1 1 0 1 0 0 0 0 1 0 1 0 1 1 0 0 0 1 0 1 1 1 0 1 0 1 0 1
1 1 1 1 0 0 0 1 0 0 0 0 0 0 0 0 0 0 0 1 0 0 1 0 1 0 1 1 1 1 0 1 0 0 1 0 0 1 0 0 0 0 1 0 0 1 1 1 0 0 1 1 0 1 1 0 0 1 1 1
1 0 0 1 1 0 0 1 1 1 1 0 0 1 1 0 0 1 0 0 1 0 0 0 1 1 0 1 1 0 0 1 0 0 1 0 0 1 0 0 0 0 0 0 1 1 0 1 0 0 1 1 1 0 0 0 0 1 1 0
0 0 0 1 0 1 1 0 1 1 0 0 0 0 0 1 0 1 0 1 1 1 0 0 1 1 0 0 0 0 0 0 1 0 1 0 1 0 1 1 1 0 0 0 0 0 0 1 0 1 0 0 1 1 1 1 1 0 1 1
0 1 0 1 1 1 0 0 0 0 0 0 1 1 0 0 1 0 0 1 0 0 1 1 1 1 0 1 1 0 1 0 0 0 0 0 1 0 1 1 1 1 1 1 1 0 0 0 1 0 0 1 0 0 0 1 1 1 0 0
0 0 1 0 0 0 1 0 1 1 1 1 1 0 0 0 0 1 1 1 0 0 0 0 1 1 1 0 0 0 0 1 1 1 0 0 0 1 1 0 0 1 1 1 0 0 1 1 1 1 0 0 0 1 1 1 0 1 0 0
Graph 8, order 60.
0 0 1 0 0 0 0 0 0 1 0 1 1 0 0 0 0 0 0 0 0 0 0 0 0 0 0 0 0 0 0 1 1 1 0 0 0 0 0 0 0 0 1 0 0 0 0 0 0 1 0 0 0 1 0 0 0 1 1 1
0 0 0 0 0 0 1 1 0 0 0 0 0 0 1 0 0 0 0 1 1 1 0 0 0 0 0 1 1 1 1 0 0 0 0 0 0 0 0 0 1 1 0 0 0 0 0 0 0 0 0 1 0 0 0 1 0 0 0 0
1 0 0 0 0 0 1 0 0 0 0 0 0 0 0 0 1 0 1 0 0 0 1 0 1 1 1 0 0 0 0 1 0 1 0 1 0 0 0 0 0 0 0 0 0 0 1 0 0 0 0 0 0 1 0 0 0 0 1 1
0 0 0 0 0 0 0 0 0 0 0 0 0 1 0 0 0 0 0 0 0 1 0 0 0 0 1 0 0 1 1 0 1 0 1 1 0 0 1 1 0 0 0 0 0 0 1 0 1 1 1 0 0 0 0 0 0 0 0 1
0 0 0 0 0 1 0 1 0 0 0 0 1 0 0 0 0 1 0 0 0 1 0 1 0 0 0 0 0 0 1 0 0 0 1 0 0 0 0 1 0 0 0 0 0 0 0 0 0 0 1 0 1 0 0 1 1 0 1 1
0 0 0 0 1 0 0 0 0 0 1 0 1 1 0 0 0 0 1 0 1 0 0 0 1 1 0 0 0 0 0 0 0 0 0 0 0 0 1 0 0 1 0 0 0 1 0 0 0 1 1 0 0 0 1 0 0 1 0 0
0 1 1 0 0 0 0 0 0 0 0 0 0 0 1 0 1 0 0 0 0 0 1 0 0 1 0 0 1 1 0 0 1 0 0 1 0 0 0 1 0 0 0 1 0 0 0 0 0 1 0 0 0 0 0 1 0 1 1 0
0 1 0 0 1 0 0 0 0 1 0 1 0 0 0 1 0 1 0 0 1 0 0 1 0 1 1 1 0 0 0 0 1 1 0 0 0 0 1 1 0 0 0 0 0 0 1 0 0 0 0 0 0 0 0 0 0 0 0 0
0 0 0 0 0 0 0 0 0 0 0 0 0 0 1 0 0 0 0 0 1 1 0 0 0 0 0 0 0 0 1 1 0 0 1 0 0 0 1 0 1 0 1 1 1 0 0 0 1 0 0 1 0 1 0 1 0 0 0 1
1 0 0 0 0 0 0 1 0 0 0 0 0 1 0 1 1 0 0 0 0 0 0 0 1 1 1 1 0 0 0 0 0 1 0 1 1 0 0 1 0 1 0 0 0 0 0 0 0 0 1 0 0 1 0 0 0 0 0 0
0 0 0 0 0 1 0 0 0 0 0 1 1 0 1 1 0 0 0 0 0 0 0 0 0 0 0 0 1 0 0 0 1 1 0 1 0 0 0 0 0 0 0 1 0 1 0 1 0 0 1 0 1 1 0 0 0 0 0 1
1 0 0 0 0 0 0 1 0 0 1 0 0 0 0 0 0 0 0 0 0 1 0 0 0 0 0 1 0 0 1 1 1 0 1 0 0 0 0 0 0 0 1 0 1 0 0 1 1 1 0 1 0 1 0 0 0 0 0 1
1 0 0 0 1 1 0 0 0 0 1 0 0 0 0 0 1 0 1 0 0 0 1 1 0 0 0 0 0 0 0 1 1 0 0 0 0 0 0 0 0 1 0 0 0 0 0 0 0 0 1 1 1 0 1 1 0 1 0 0
0 0 0 1 0 1 0 0 0 1 0 0 0 0 0 1 0 0 0 0 0 0 0 0 0 0 0 0 1 0 0 1 0 0 1 0 0 0 0 1 0 0 0 1 1 0 1 1 0 0 0 1 0 0 0 1 1 1 1 0
0 1 0 0 0 0 1 0 1 0 1 0 0 0 0 0 0 0 0 0 0 0 0 0 1 1 1 1 0 0 1 0 0 0 0 1 0 0 0 0 0 1 0 1 0 1 0 1 0 0 0 0 0 0 1 0 1 1 1 0
0 0 0 0 0 0 0 1 0 1 1 0 0 1 0 0 0 1 0 0 1 1 0 0 1 0 0 0 0 1 0 1 0 0 1 0 1 0 1 0 0 0 0 0 1 0 1 1 0 0 0 1 0 0 1 0 0 0 0 0
0 0 1 0 0 0 1 0 0 1 0 0 1 0 0 0 0 1 0 0 0 0 1 0 0 1 0 0 0 1 0 1 0 0 0 0 0 1 0 0 1 1 0 0 0 0 0 1 1 1 0 0 0 0 0 1 0 1 0 1
0 0 0 0 1 0 0 1 0 0 0 0 0 0 0 1 1 0 0 1 0 1 0 0 0 0 0 0 0 0 1 0 0 1 0 1 0 1 0 1 0 0 0 1 1 0 0 0 1 0 0 0 1 1 1 0 0 1 0 0
0 0 1 0 0 1 0 0 0 0 0 0 1 0 0 0 0 0 0 0 0 0 1 0 0 0 1 0 1 0 1 0 1 1 0 1 0 1 0 0 0 0 1 0 0 1 0 0 0 1 0 0 0 0 1 1 0 1 0 1
0 1 0 0 0 0 0 0 0 0 0 0 0 0 0 0 0 1 0 0 0 1 1 1 1 0 0 1 0 0 0 0 1 0 0 0 0 1 1 0 1 0 0 1 0 1 1 0 0 0 1 1 0 0 0 0 1 1 1 0
0 1 0 0 0 1 0 1 1 0 0 0 0 0 0 1 0 0 0 0 0 0 0 0 1 1 0 0 1 0 1 0 0 0 0 0 1 0 0 0 0 1 0 0 1 0 0 0 0 1 1 1 1 0 1 1 1 0 0 0
0 1 0 1 1 0 0 0 1 0 0 1 0 0 0 1 0 1 0 1 0 0 0 0 0 0 0 1 0 0 0 0 0 1 0 1 0 1 0 0 1 0 1 0 0 1 0 0 0 0 0 1 1 0 1 1 0 0 0 0
0 0 1 0 0 0 1 0 0 0 0 0 1 0 0 0 1 0 1 1 0 0 0 0 1 0 1 0 1 1 0 0 0 0 0 1 1 1 1 0 0 0 0 0 1 0 1 0 0 0 0 0 0 0 1 0 0 1 1 0
0 0 0 0 1 0 0 1 0 0 0 0 1 0 0 0 0 0 0 1 0 0 0 0 0 0 0 1 1 1 0 0 0 0 1 1 0 1 0 0 0 0 1 0 0 0 1 0 1 1 0 0 1 1 1 1 1 0 0 0
0 0 1 0 0 1 0 0 0 1 0 0 0 0 1 1 0 0 0 1 1 0 1 0 0 0 0 0 0 0 0 1 1 0 0 0 0 1 1 0 0 0 0 1 0 0 0 0 1 0 0 1 1 0 1 0 0 0 1 1
0 0 1 0 0 1 1 1 0 1 0 0 0 0 1 0 1 0 0 0 1 0 0 0 0 0 0 0 1 0 0 0 0 0 0 0 0 0 1 0 0 0 0 1 0 1 1 0 1 0 0 0 0 0 0 1 1 1 1 1
0 0 1 1 0 0 0 1 0 1 0 0 0 0 1 0 0 0 1 0 0 0 1 0 0 0 0 0 1 0 1 0 1 0 0 1 1 1 0 1 0 0 0 0 0 0 0 0 1 1 0 1 0 0 0 1 0 0 1 0
0 1 0 0 0 0 0 1 0 1 0 1 0 0 1 0 0 0 0 1 0 1 0 1 0 0 0 0 0 0 0 1 0 1 1 0 0 0 0 0 0 1 0 0 1 0 0 1 1 0 0 1 0 0 1 0 1 0 1 1
0 1 0 0 0 0 1 0 0 0 1 0 0 1 0 0 0 0 1 0 1 0 1 1 0 1 1 0 0 0 0 0 0 1 0 1 0 0 0 1 1 0 0 0 0 1 0 1 0 0 0 0 1 1 0 1 0 1 0 0
0 1 0 1 0 0 1 0 0 0 0 0 0 0 0 1 1 0 0 0 0 0 1 1 0 0 0 0 0 0 1 0 0 0 0 0 0 1 1 1 1 1 0 1 0 0 1 1 0 0 0 1 0 0 0 1 1 0 1 0
0 1 0 1 1 0 0 0 1 0 0 1 0 0 1 0 0 1 1 0 1 0 0 0 0 0 1 0 0 1 0 0 0 1 1 0 1 1 0 0 0 0 0 0 0 0 1 0 0 0 0 0 1 0 1 0 0 1 0 1
1 0 1 0 0 0 0 0 1 0 0 1 1 1 0 1 1 0 0 0 0 0 0 0 1 0 0 1 0 0 0 0 0 0 1 0 0 0 0 0 1 0 1 1 1 0 1 0 1 0 1 0 0 0 0 0 0 0 1 1
1 0 0 1 0 0 1 1 0 0 1 1 1 0 0 0 0 0 1 1 0 0 0 0 1 0 1 0 0 0 0 0 0 0 1 1 1 0 0 0 1 0 1 1 0 0 0 1 0 1 1 0 0 0 0 0 0 0 0 0
1 0 1 0 0 0 0 1 0 1 1 0 0 0 0 0 0 1 1 0 0 1 0 0 0 0 0 1 1 0 1 0 0 0 0 0 0 1 0 1 0 0 1 0 0 0 0 0 0 1 0 0 1 1 1 0 1 1 0 0
0 0 0 1 1 0 0 0 1 0 0 1 0 1 0 1 0 0 0 0 0 0 0 1 0 0 0 1 0 0 1 1 1 0 0 0 1 0 0 0 0 0 1 1 1 1 0 0 0 1 1 0 0 1 1 0 0 0 0 0
0 0 1 1 0 0 1 0 0 1 1 0 0 0 1 0 0 1 1 0 0 1 1 1 0 0 1 0 1 0 0 0 1 0 0 0 0 0 0 0 0 1 1 1 0 0 1 0 0 0 0 0 1 1 0 0 0 0 0 0
0 0 0 0 0 0 0 0 0 1 0 0 0 0 0 1 0 0 0 0 1 0 1 0 0 0 1 0 0 0 1 0 1 0 1 0 0 0 0 0 1 0 0 0 1 0 1 1 1 0 1 0 1 1 1 1 1 1 0 1
0 0 0 0 0 0 0 0 0 0 0 0 0 0 0 0 1 1 1 1 0 1 1 1 1 0 1 0 0 1 1 0 0 1 0 0 0 0 0 0 0 1 1 0 0 1 0 0 0 1 0 1 0 1 0 1 0 0 1 1
0 0 0 1 0 1 0 1 1 0 0 0 0 0 0 1 0 0 0 1 0 0 1 0 1 1 0 0 0 1 0 0 0 0 0 0 0 0 0 1 1 0 0 1 0 1 1 1 0 1 0 0 1 1 1 0 1 0 0 0
0 0 0 1 1 0 1 1 0 1 0 0 0 1 0 0 0 1 0 0 0 0 0 0 0 0 1 0 1 1 0 0 0 1 0 0 0 0 1 0 1 1 1 0 0 1 0 1 0 0 0 0 0 1 0 1 0 1 1 0
0 1 0 0 0 0 0 0 1 0 0 0 0 0 0 0 1 0 0 1 0 1 0 0 0 0 0 0 1 1 0 1 1 0 0 0 1 0 1 1 0 1 0 0 1 1 0 1 0 1 1 1 1 0 1 0 0 0 1 0
0 1 0 0 0 1 0 0 0 1 0 0 1 0 1 0 1 0 0 0 1 0 0 0 0 0 0 1 0 1 0 0 0 0 0 1 0 1 0 1 1 0 1 1 0 0 1 1 1 0 1 0 1 0 0 0 1 0 1 0
1 0 0 0 0 0 0 0 1 0 0 1 0 0 0 0 0 0 1 0 0 1 0 1 0 0 0 0 0 0 0 1 1 1 1 1 0 1 0 1 0 1 0 0 1 1 0 0 0 1 0 1 0 1 0 0 1 0 1 1
0 0 0 0 0 0 1 0 1 0 1 0 0 1 1 0 0 1 0 1 0 0 0 0 1 1 0 0 0 1 0 1 1 0 1 1 0 0 1 0 0 1 0 0 1 0 0 0 0 0 1 0 1 0 0 0 1 1 1 0
0 0 0 0 0 0 0 0 1 0 0 1 0 1 0 1 0 1 0 0 1 0 1 0 0 0 0 1 0 0 0 1 0 0 1 0 1 0 0 0 1 0 1 1 0 0 0 1 0 0 0 1 1 1 0 1 1 1 1 0
0 0 0 0 0 1 0 0 0 0 1 0 0 0 1 0 0 0 1 1 0 1 0 0 0 1 0 0 1 0 0 0 0 0 1 0 0 1 1 1 1 0 1 0 0 0 1 1 1 0 1 0 1 0 0 1 1 0 0 1
0 0 1 1 0 0 0 1 0 0 0 0 0 1 0 1 0 0 0 1 0 0 1 1 0 1 0 0 0 1 1 1 0 0 0 1 1 0 1 0 0 1 0 0 0 1 0 1 0 1 1 0 0 0 0 0 0 1 0 1
0 0 0 0 0 0 0 0 0 0 1 1 0 1 1 1 1 0 0 0 0 0 0 0 0 0 0 1 1 1 0 0 1 0 0 0 1 0 1 1 1 1 0 0 1 1 1 0 1 1 1 1 0 0 0 0 0 1 0 0
0 0 0 1 0 0 0 0 1 0 0 1 0 0 0 0 1 1 0 0 0 0 0 1 1 1 1 1 0 0 0 1 0 0 0 0 1 0 0 0 0 1 0 0 0 1 0 1 0 0 1 1 1 0 0 1 1 1 1 1
1 0 0 1 0 1 1 0 0 0 0 1 0 0 0 0 1 0 1 0 1 0 0 1 0 0 1 0 0 0 0 0 1 1 1 0 0 1 1 0 1 0 1 0 0 0 1 1 0 0 0 1 1 0 1 0 0 0 0 1
0 0 0 1 1 1 0 0 0 1 1 0 1 0 0 0 0 0 0 1 1 0 0 0 0 0 0 0 0 0 0 1 1 0 1 0 1 0 0 0 1 1 0 1 0 1 1 1 1 0 0 0 0 1 1 0 1 0 1 0
0 1 0 0 0 0 0 0 1 0 0 1 1 1 0 1 0 0 0 1 1 1 0 0 1 0 1 1 0 1 0 0 0 0 0 0 0 1 0 0 1 0 1 0 1 0 0 1 1 1 0 0 0 1 0 1 1 0 0 1
0 0 0 0 1 0 0 0 0 0 1 0 1 0 0 0 0 1 0 0 1 1 0 1 1 0 0 0 1 0 1 0 0 1 0 1 1 0 1 0 1 1 0 1 1 1 0 0 1 1 0 0 0 1 0 0 0 1 0 1
1 0 1 0 0 0 0 0 1 1 1 1 0 0 0 0 0 1 0 0 0 0 0 1 0 0 0 0 1 0 0 0 0 1 1 1 1 1 1 1 0 0 1 0 1 0 0 0 0 0 1 1 1 0 0 0 1 0 1 1
0 0 0 0 0 1 0 0 0 0 0 0 1 0 1 1 0 1 1 0 1 1 1 1 1 0 0 1 0 0 1 0 0 1 1 0 1 0 1 0 1 0 0 0 0 0 0 0 0 1 1 0 0 0 0 1 1 0 1 1
0 1 0 0 1 0 1 0 1 0 0 0 1 1 0 0 1 0 1 0 1 1 0 1 0 1 1 0 1 1 0 0 0 0 0 0 1 1 0 1 0 0 0 0 1 1 0 0 1 0 0 1 0 0 1 0 1 0 1 1
0 0 0 0 1 0 0 0 0 0 0 0 0 1 1 0 0 0 0 1 1 0 0 1 0 1 0 1 0 1 0 0 0 1 0 0 1 0 1 0 0 1 1 1 1 1 0 0 1 0 1 1 0 1 1 1 0 1 1 1
1 0 0 0 0 1 1 0 0 0 0 0 1 1 1 0 1 1 1 1 0 0 1 0 0 1 0 0 1 0 1 0 0 1 0 0 1 0 0 1 0 0 0 1 1 0 1 1 1 0 0 0 1 0 0 0 1 0 1 1
1 0 1 0 1 0 1 0 0 0 0 0 0 1 1 0 0 0 0 1 0 0 1 0 1 1 1 1 0 1 0 1 0 0 0 0 0 1 0 1 1 1 1 1 1 0 0 0 1 0 1 0 0 1 1 1 1 1 0 0
1 0 1 1 1 0 0 0 1 0 1 1 0 0 0 0 1 0 1 0 0 0 0 0 1 1 0 1 0 0 1 1 0 0 0 0 1 1 0 0 0 0 1 0 0 1 1 0 1 1 0 1 1 1 1 1 1 1 0 0
Graph 9, order 60.
0 0 0 0 0 0 0 1 1 0 0 0 0 0 0 0 0 0 0 0 0 0 0 0 0 0 0 0 1 0 1 0 0 0 1 1 0 0 1 0 0 0 0 1 0 0 0 0 0 0 0 0 0 0 0 1 0 1 0 0
0 0 1 1 0 0 0 0 0 0 0 0 0 0 0 0 0 1 0 0 0 0 0 1 0 0 0 1 1 0 0 0 1 1 0 1 0 0 0 0 0 1 0 0 0 0 1 0 1 0 0 0 0 0 0 0 0 1 0 0
0 1 0 0 0 0 0 0 0 0 0 0 0 0 0 0 0 0 0 0 0 0 0 0 0 0 0 0 0 0 0 1 1 0 0 0 0 1 0 1 1 0 0 0 1 1 0 1 1 0 0 0 0 1 1 1 0 0 0 0
0 1 0 0 0 0 0 0 0 0 1 1 1 0 1 0 0 0 0 1 0 0 0 0 0 0 0 0 0 0 0 1 0 0 0 0 0 1 0 1 0 0 0 1 1 0 0 0 1 0 1 0 0 1 0 0 0 0 0 0
0 0 0 0 0 0 0 0 0 1 0 0 1 1 0 0 1 0 0 0 0 0 1 0 1 1 0 0 1 1 0 0 0 1 0 0 0 0 0 1 0 1 0 0 0 0 0 0 0 0 0 0 1 0 0 0 0 1 0 1
0 0 0 0 0 0 1 0 0 0 0 1 0 0 0 0 0 0 0 1 0 0 0 1 0 0 0 1 0 0 0 0 0 0 0 1 0 0 1 0 0 1 0 0 0 0 1 0 1 0 0 1 0 0 0 0 1 1 1 1
0 0 0 0 0 1 0 0 1 0 1 0 0 0 0 0 0 1 0 1 0 1 0 0 0 0 0 0 0 1 0 1 0 0 0 0 1 0 0 0 0 0 1 1 0 1 0 0 0 0 1 1 0 0 0 0 0 0 1 0
1 0 0 0 0 0 0 0 1 1 1 0 0 0 0 1 0 0 0 0 0 0 0 0 0 0 0 1 1 1 0 0 0 0 0 0 0 1 0 1 0 0 0 0 0 0 0 1 1 0 0 0 1 1 0 0 0 1 0 1
1 0 0 0 0 0 1 1 0 0 1 0 0 0 1 0 1 0 0 0 0 0 1 0 1 0 0 1 1 1 0 0 0 0 1 1 0 0 0 0 0 0 0 0 0 0 0 1 0 1 0 0 0 0 1 0 0 0 0 0
0 0 0 0 1 0 0 1 0 0 0 1 0 0 0 1 0 1 0 1 0 0 0 0 1 1 1 0 0 1 1 1 0 0 0 0 0 0 0 1 1 0 0 1 0 0 0 0 0 0 0 0 0 0 0 1 0 1 0 0
0 0 0 1 0 0 1 1 1 0 0 1 1 0 1 0 1 0 0 0 0 0 0 0 1 0 0 0 0 1 0 0 0 0 1 0 0 1 0 0 0 1 1 0 0 0 0 0 0 0 0 0 0 0 0 1 0 1 1 0
0 0 0 1 0 1 0 0 0 1 1 0 0 0 1 0 0 1 0 1 1 0 0 0 0 0 0 0 0 0 0 0 0 1 0 0 0 0 0 0 0 0 1 0 1 0 0 1 1 1 0 1 0 0 1 0 0 0 1 0
0 0 0 1 1 0 0 0 0 0 1 0 0 0 0 0 1 0 0 1 0 0 0 0 0 0 0 0 0 1 1 1 0 1 1 1 1 0 0 0 1 0 0 0 0 0 0 1 0 0 1 1 0 0 0 0 0 1 0 1
0 0 0 0 1 0 0 0 0 0 0 0 0 0 0 0 0 0 0 0 0 0 0 0 1 1 1 0 0 0 0 0 0 0 1 0 0 1 0 1 1 0 0 0 0 0 0 1 1 0 0 1 1 1 1 1 1 1 1 0
0 0 0 1 0 0 0 0 1 0 1 1 0 0 0 1 0 0 1 0 0 0 0 0 0 1 0 1 1 0 1 1 0 0 0 0 0 1 1 0 0 1 0 1 1 0 0 1 0 0 0 0 0 0 0 0 0 1 0 0
0 0 0 0 0 0 0 1 0 1 0 0 0 0 1 0 0 0 1 1 1 0 0 0 0 0 0 0 0 1 0 0 0 0 1 0 0 0 0 0 1 1 0 1 1 1 0 1 0 1 1 1 0 0 0 0 0 0 1 0
0 0 0 0 1 0 0 0 1 0 1 0 1 0 0 0 0 1 0 1 1 0 0 1 0 0 0 0 1 0 0 0 1 0 0 0 0 1 0 1 0 1 1 0 0 0 0 0 0 1 1 1 0 0 0 0 0 1 0 1
0 1 0 0 0 0 1 0 0 1 0 1 0 0 0 0 1 0 0 0 0 0 0 0 1 0 0 1 1 0 0 0 0 0 0 0 1 0 0 0 1 0 0 0 1 1 1 0 1 0 0 1 0 1 0 0 0 1 1 1
0 0 0 0 0 0 0 0 0 0 0 0 0 0 1 1 0 0 0 0 0 0 0 0 0 1 1 1 0 0 0 1 0 1 0 0 0 1 0 0 1 1 1 0 0 1 0 1 0 1 1 0 1 0 1 1 0 1 0 0
0 0 0 1 0 1 1 0 0 1 0 1 1 0 0 1 1 0 0 0 1 0 0 0 0 0 0 0 0 1 0 0 0 1 0 0 0 0 0 0 0 0 0 0 1 0 1 1 0 0 0 0 1 1 1 0 0 1 1 0
0 0 0 0 0 0 0 0 0 0 0 1 0 0 0 1 1 0 0 1 0 0 0 1 0 0 1 0 0 0 0 0 0 1 0 1 1 0 1 1 0 0 0 1 0 0 0 1 0 0 0 0 1 1 1 1 0 0 1 1
0 0 0 0 0 0 1 0 0 0 0 0 0 0 0 0 0 0 0 0 0 0 0 1 0 0 1 1 0 1 0 0 1 0 1 1 1 0 1 0 0 1 1 1 0 1 1 0 0 0 1 0 1 1 0 0 0 0 0 1
0 0 0 0 1 0 0 0 1 0 0 0 0 0 0 0 0 0 0 0 0 0 0 0 1 0 0 1 0 1 1 1 0 1 1 1 1 0 0 0 1 0 0 0 0 0 1 0 0 1 1 1 0 1 0 0 1 0 0 1
0 1 0 0 0 1 0 0 0 0 0 0 0 0 0 0 1 0 0 0 1 1 0 0 1 1 0 0 0 0 1 0 0 1 1 0 1 0 0 0 0 0 0 1 1 0 1 0 1 1 0 1 0 0 1 0 1 0 0 0
0 0 0 0 1 0 0 0 1 1 1 0 0 1 0 0 0 1 0 0 0 0 1 1 0 1 1 0 0 0 0 0 1 1 0 0 0 0 0 1 0 0 0 0 1 1 0 0 0 0 1 0 0 1 0 0 1 0 1 0
0 0 0 0 1 0 0 0 0 1 0 0 0 1 1 0 0 0 1 0 0 0 0 1 1 0 1 0 0 0 1 0 1 0 0 1 1 0 0 0 0 0 1 1 0 1 1 0 0 0 1 1 0 0 0 1 0 0 0 0
0 0 0 0 0 0 0 0 0 1 0 0 0 1 0 0 0 0 1 0 1 1 0 0 1 1 0 0 1 0 0 0 1 0 0 0 0 0 1 0 0 1 1 0 0 1 0 1 0 1 0 1 0 0 1 0 1 1 1 0
0 1 0 0 0 1 0 1 1 0 0 0 0 0 1 0 0 1 1 0 0 1 1 0 0 0 0 0 0 1 1 0 0 0 0 1 0 1 1 0 0 1 0 0 0 1 1 0 0 0 0 0 0 0 0 0 1 1 1 0
1 1 0 0 1 0 0 1 1 0 0 0 0 0 1 0 1 1 0 0 0 0 0 0 0 0 1 0 0 0 1 1 0 0 0 0 0 0 0 1 1 0 1 0 0 0 1 0 0 1 1 0 0 1 1 0 1 0 0 0
0 0 0 0 1 0 1 1 1 1 1 0 1 0 0 1 0 0 0 1 0 1 1 0 0 0 0 1 0 0 0 0 0 0 1 0 1 0 0 1 0 0 1 0 0 0 0 0 1 1 0 0 0 0 1 1 0 0 0 0
1 0 0 0 0 0 0 0 0 1 0 0 1 0 1 0 0 0 0 0 0 0 1 1 0 1 0 1 1 0 0 0 0 1 0 0 0 0 1 0 0 1 0 1 0 1 0 1 0 1 1 0 1 0 0 1 0 0 1 0
0 0 1 1 0 0 1 0 0 1 0 0 1 0 1 0 0 0 1 0 0 0 1 0 0 0 0 0 1 0 0 0 0 0 1 0 0 0 0 0 1 1 0 0 0 1 1 1 0 1 0 0 1 1 0 0 1 0 1 0
0 1 1 0 0 0 0 0 0 0 0 0 0 0 0 0 1 0 0 0 0 1 0 0 1 1 1 0 0 0 0 0 0 1 0 1 1 1 0 1 1 0 0 0 0 0 0 1 0 1 1 1 0 0 0 1 1 1 0 1
0 1 0 0 1 0 0 0 0 0 0 1 1 0 0 0 0 0 1 1 1 0 1 1 1 0 0 0 0 0 1 0 1 0 0 1 0 0 0 1 0 0 0 0 0 0 1 0 1 1 0 1 0 0 0 0 1 1 0 1
1 0 0 0 0 0 0 0 1 0 1 0 1 1 0 1 0 0 0 0 0 1 1 1 0 0 0 0 0 1 0 1 0 0 0 0 0 1 1 0 0 0 1 1 0 0 1 0 0 0 0 0 1 1 1 0 1 1 0 0
1 1 0 0 0 1 0 0 1 0 0 0 1 0 0 0 0 0 0 0 1 1 1 0 0 1 0 1 0 0 0 0 1 1 0 0 0 0 1 0 0 0 1 0 1 0 0 0 0 1 0 0 0 1 1 1 1 1 0 0
0 0 0 0 0 0 1 0 0 0 0 0 1 0 0 0 0 1 0 0 1 1 1 1 0 1 0 0 0 1 0 0 1 0 0 0 0 0 1 0 0 1 0 0 1 0 0 0 1 0 0 1 1 1 1 0 1 0 1 1
0 0 1 1 0 0 0 1 0 0 1 0 0 1 1 0 1 0 1 0 0 0 0 0 0 0 0 1 0 0 0 0 1 0 1 0 0 0 1 0 1 1 0 0 1 0 0 0 0 1 0 0 1 0 1 1 1 0 0 1
1 0 0 0 0 1 0 0 0 0 0 0 0 0 1 0 0 0 0 0 1 1 0 0 0 0 1 1 0 0 1 0 0 0 1 1 1 1 0 1 0 1 1 0 0 1 1 0 1 0 0 0 0 0 1 1 0 0 0 1
0 0 1 1 1 0 0 1 0 1 0 0 0 1 0 0 1 0 0 0 1 0 0 0 1 0 0 0 1 1 0 0 1 1 0 0 0 0 1 0 0 1 0 1 0 0 1 0 0 0 0 0 1 1 0 0 0 0 1 1
0 0 1 0 0 0 0 0 0 1 0 0 1 1 0 1 0 1 1 0 0 0 1 0 0 0 0 0 1 0 0 1 1 0 0 0 0 1 0 0 0 0 1 1 1 0 0 0 0 1 1 0 1 0 1 1 1 0 0 0
0 1 0 0 1 1 0 0 0 0 1 0 0 0 1 1 1 0 1 0 0 1 0 0 0 0 1 1 0 0 1 1 0 0 0 0 1 1 1 1 0 0 1 0 0 0 0 1 0 0 0 1 0 0 0 0 0 1 0 1
0 0 0 0 0 0 1 0 0 0 1 1 0 0 0 0 1 0 1 0 0 1 0 0 0 1 1 0 1 1 0 0 0 0 1 1 0 0 1 0 1 1 0 0 0 0 0 1 1 1 1 0 0 1 0 0 0 1 0 1
1 0 0 1 0 0 1 0 0 1 0 0 0 0 1 1 0 0 0 0 1 1 0 1 0 1 0 0 0 0 1 0 0 0 1 0 0 0 0 1 1 0 0 0 0 1 0 0 1 0 1 0 1 0 1 1 1 0 0 1
0 0 1 1 0 0 0 0 0 0 0 1 0 0 1 1 0 1 0 1 0 0 0 1 1 0 0 0 0 0 0 0 0 0 0 1 1 1 0 0 1 0 0 0 0 1 1 0 1 1 0 1 1 0 0 1 0 0 1 1
0 0 1 0 0 0 1 0 0 0 0 0 0 0 0 1 0 1 1 0 0 1 0 0 1 1 1 1 0 0 1 1 0 0 0 0 0 0 1 0 0 0 0 1 1 0 1 0 1 1 0 0 0 1 0 0 1 0 1 1
0 1 0 0 0 1 0 0 0 0 0 0 0 0 0 0 0 1 0 1 0 1 1 1 0 1 0 1 1 0 0 1 0 1 1 0 0 0 1 1 0 0 0 0 1 1 0 0 0 0 0 1 1 1 1 0 0 0 1 1
0 0 1 0 0 0 0 1 1 0 0 1 1 1 1 1 0 0 1 1 1 0 0 0 0 0 1 0 0 0 1 1 1 0 0 0 0 0 0 0 0 1 1 0 0 0 0 0 0 0 1 1 0 0 1 1 1 0 0 1
0 1 1 1 0 1 0 1 0 0 0 1 0 1 0 0 0 1 0 0 0 0 0 1 0 0 0 0 0 1 0 0 0 1 0 0 1 0 1 0 0 0 1 1 1 1 0 0 0 0 1 0 1 1 0 1 0 0 1 1
0 0 0 0 0 0 0 0 1 0 0 1 0 0 0 1 1 0 1 0 0 0 1 1 0 0 1 0 1 1 1 1 1 1 0 1 0 1 0 0 1 0 1 0 1 1 0 0 0 0 1 0 0 0 1 0 0 0 1 0
0 0 0 1 0 0 1 0 0 0 0 0 1 0 0 1 1 0 1 0 0 1 1 0 1 1 0 0 1 0 1 0 1 0 0 0 0 0 0 0 1 0 1 1 0 0 0 1 1 1 0 0 1 1 0 1 1 0 0 0
0 0 0 0 0 1 1 0 0 0 0 1 1 1 0 1 1 1 0 0 0 0 1 1 0 1 1 0 0 0 0 0 1 1 0 0 1 0 0 0 0 1 0 0 1 0 1 1 0 0 0 0 1 1 1 0 1 1 0 0
0 0 0 0 1 0 0 1 0 0 0 0 0 1 0 0 0 0 1 1 1 1 0 0 0 0 0 0 0 0 1 1 0 0 1 0 1 1 0 1 1 0 0 1 1 0 1 0 1 0 1 1 0 0 0 1 1 1 1 0
0 0 1 1 0 0 0 1 0 0 0 0 0 1 0 0 0 1 0 1 1 1 1 0 1 0 0 0 1 0 0 1 0 0 1 1 1 0 0 1 0 0 1 0 0 1 1 0 1 0 1 1 0 0 0 0 1 0 0 1
0 0 1 0 0 0 0 0 1 0 0 1 0 1 0 0 0 0 1 1 1 0 0 1 0 0 1 0 1 1 0 0 0 0 1 1 1 1 1 0 1 0 0 1 0 0 1 1 0 1 0 1 0 0 0 1 0 0 1 0
1 0 1 0 0 0 0 0 0 1 1 0 0 1 0 0 0 0 1 0 1 0 0 0 0 1 0 0 0 1 1 0 1 0 0 1 0 1 1 0 1 0 0 1 1 0 0 1 1 0 1 0 1 0 1 0 0 1 1 1
0 0 0 0 0 1 0 0 0 0 0 0 0 1 0 0 0 0 0 0 0 0 1 1 1 0 1 1 1 0 0 1 1 1 1 1 1 1 0 0 1 0 0 1 0 1 0 1 0 0 1 1 1 1 0 0 0 0 1 1
1 1 0 0 1 1 0 1 0 1 1 0 1 1 1 0 1 1 1 1 0 0 0 0 0 0 1 1 0 0 0 0 1 1 1 1 0 0 0 0 0 1 1 0 0 0 0 0 0 0 0 1 1 0 0 1 0 0 1 0
0 0 0 0 0 1 1 0 0 0 1 1 0 1 0 1 0 1 0 1 1 0 0 0 1 0 1 1 0 0 1 1 0 0 0 0 1 0 0 1 0 0 0 0 1 1 1 0 1 1 0 0 1 0 1 1 1 1 0 1
0 0 0 0 1 1 0 1 0 0 0 0 1 0 0 0 1 1 0 0 1 1 1 0 0 0 0 0 0 0 0 0 1 1 0 0 1 1 1 1 0 1 1 1 1 1 1 1 1 0 0 0 0 1 0 1 1 0 1 0
Graph 12, order 60.
0 0 0 1 0 0 0 0 0 0 0 0 0 0 0 0 0 0 0 1 0 0 0 1 0 0 0 0 0 1 0 0 0 0 0 0 0 1 0 0 1 0 1 0 0 0 0 1 0 0 0 0 0 0 0 1 0 1 0 0
0 0 0 1 0 0 0 0 0 0 1 0 0 0 0 0 0 0 0 0 0 0 0 0 0 0 0 0 0 0 0 0 0 0 0 0 0 1 0 0 0 0 0 1 0 1 0 0 0 0 1 1 1 1 1 0 0 1 1 1
0 0 0 0 0 0 0 0 0 0 0 0 0 0 0 0 0 0 1 0 0 0 1 0 0 0 0 1 1 0 0 0 1 1 0 0 1 0 0 0 0 0 0 0 0 0 0 1 0 0 1 0 1 0 0 1 0 1 0 1
1 1 0 0 0 0 0 0 0 0 0 1 0 1 0 1 1 0 1 0 0 0 0 0 0 0 0 0 0 1 0 0 0 0 0 0 0 0 0 1 0 1 0 0 0 1 0 0 0 1 0 0 0 1 0 0 0 0 0 0
0 0 0 0 0 0 0 0 0 1 0 0 0 0 0 1 1 0 0 1 0 0 1 0 0 0 1 0 1 0 0 1 0 0 1 0 0 0 1 0 0 0 0 0 1 0 1 0 0 0 0 0 0 0 0 1 0 0 0 1
0 0 0 0 0 0 0 0 1 1 0 0 0 1 0 0 0 0 0 0 0 0 0 1 0 0 0 0 0 0 0 0 0 0 1 0 1 1 0 1 1 0 0 0 1 0 0 0 1 0 1 0 0 0 0 1 0 0 1 0
0 0 0 0 0 0 0 1 1 0 0 0 0 0 0 1 0 0 1 0 0 0 0 0 0 0 1 0 0 0 0 0 0 0 0 1 0 1 0 0 0 0 0 0 1 0 0 0 1 0 0 1 0 0 1 1 1 1 0 1
0 0 0 0 0 0 1 0 0 0 1 0 0 0 1 0 1 0 0 0 0 0 0 1 0 0 0 1 1 0 0 0 0 0 0 0 0 1 0 0 1 0 0 0 0 1 0 0 0 1 0 0 1 1 0 1 1 0 0 1
0 0 0 0 0 1 1 0 0 1 1 1 0 0 0 0 0 1 1 0 0 1 0 0 1 1 0 0 0 0 0 0 0 1 0 0 0 0 0 1 0 0 0 0 1 1 0 0 0 0 0 0 0 0 1 0 1 0 0 0
0 0 0 0 1 1 0 0 1 0 0 0 1 0 0 0 0 1 0 0 0 0 0 0 0 0 0 0 0 0 0 0 0 1 0 0 0 0 0 0 0 1 1 0 0 0 0 0 1 0 0 0 1 1 1 1 1 1 1 1
0 1 0 0 0 0 0 1 1 0 0 0 0 0 0 0 0 0 0 0 0 1 0 0 1 0 0 1 1 0 1 0 0 0 0 0 1 0 0 1 0 0 0 0 0 1 0 1 1 1 1 0 0 0 0 0 0 0 1 1
0 0 0 1 0 0 0 0 1 0 0 0 0 0 1 0 0 0 0 0 0 1 0 0 0 1 0 1 0 0 1 0 1 1 0 0 1 1 0 0 0 1 1 1 0 0 1 0 0 0 0 0 0 0 0 1 0 0 1 0
0 0 0 0 0 0 0 0 0 1 0 0 0 0 1 0 0 0 1 0 0 0 0 0 0 0 0 0 0 1 1 1 1 0 0 0 0 1 0 1 0 0 1 0 0 1 0 1 1 0 0 0 0 0 1 1 1 0 1 0
0 0 0 1 0 1 0 0 0 0 0 0 0 0 0 0 0 0 0 0 1 1 0 0 1 0 0 0 0 0 0 1 0 1 1 0 0 0 1 0 1 0 0 1 0 0 1 0 0 1 1 0 0 0 1 0 1 0 1 1
0 0 0 0 0 0 0 1 0 0 0 1 1 0 0 0 1 0 0 1 0 1 0 0 0 0 0 0 0 1 0 0 1 0 0 1 0 0 1 1 0 0 0 0 1 0 0 0 0 1 0 0 1 1 0 0 1 0 1 1
0 0 0 1 1 0 1 0 0 0 0 0 0 0 0 0 1 0 0 1 0 0 1 0 0 1 0 0 0 0 1 0 0 1 0 0 0 0 1 0 0 0 0 1 0 0 0 0 1 0 1 1 1 1 0 0 0 1 0 1
0 0 0 1 1 0 0 1 0 0 0 0 0 0 1 1 0 0 0 1 0 0 0 0 0 0 0 0 0 1 0 1 0 0 1 1 1 0 0 0 0 0 0 0 1 1 0 0 0 0 1 1 0 1 0 0 1 0 0 1
0 0 0 0 0 0 0 0 1 1 0 0 0 0 0 0 0 0 1 0 0 0 1 1 1 0 0 0 1 0 0 1 0 1 1 1 1 0 0 1 0 1 0 0 1 0 0 1 0 1 0 0 0 0 0 0 0 0 0 1
0 0 1 1 0 0 1 0 1 0 0 0 1 0 0 0 0 1 0 0 0 0 1 0 1 1 1 1 0 0 0 0 1 0 1 0 0 1 0 0 0 0 0 0 0 0 0 1 1 0 0 0 0 0 0 0 0 1 1 1
1 0 0 0 1 0 0 0 0 0 0 0 0 0 1 1 1 0 0 0 0 1 1 0 0 0 0 0 1 1 0 0 0 1 1 1 1 0 0 0 0 0 1 0 0 0 0 0 0 0 1 0 0 0 0 1 0 1 1 1
0 0 0 0 0 0 0 0 0 0 0 0 0 1 0 0 0 0 0 0 0 0 0 1 0 1 1 1 0 0 0 1 1 0 0 0 1 0 1 1 1 0 1 1 1 0 0 0 1 0 1 1 0 0 0 0 1 0 0 1
0 0 0 0 0 0 0 0 1 0 1 1 0 1 1 0 0 0 0 1 0 0 0 0 0 0 0 0 1 0 0 0 0 1 0 1 0 0 0 0 1 0 1 0 0 1 1 1 0 0 0 0 1 1 1 1 0 0 1 0
0 0 1 0 1 0 0 0 0 0 0 0 0 0 0 1 0 1 1 1 0 0 0 0 1 0 1 0 0 0 0 0 1 1 0 0 1 0 1 0 0 1 1 1 1 1 0 0 0 0 0 0 0 1 0 1 0 0 0 0
1 0 0 0 0 1 0 1 0 0 0 0 0 0 0 0 0 1 0 0 1 0 0 0 1 0 0 0 0 0 0 0 0 0 1 1 1 1 1 1 0 0 1 1 1 0 0 0 0 0 1 1 1 1 0 0 0 0 0 0
0 0 0 0 0 0 0 0 1 0 1 0 0 1 0 0 0 1 1 0 0 0 1 1 0 0 0 0 1 0 1 0 1 0 0 1 1 0 1 1 0 0 0 0 0 0 1 1 0 1 0 0 0 0 1 1 0 0 0 0
0 0 0 0 0 0 0 0 1 0 0 1 0 0 0 1 0 0 1 0 1 0 0 0 0 0 0 1 0 1 0 0 0 0 1 0 0 0 1 0 1 0 1 1 0 0 1 1 0 0 1 1 0 0 1 1 0 0 1 1
0 0 0 0 1 0 1 0 0 0 0 0 0 0 0 0 0 0 1 0 1 0 1 0 0 0 0 0 0 1 0 0 0 0 1 1 1 0 0 1 1 0 0 0 1 1 1 0 1 0 0 1 1 1 0 0 1 0 0 1
0 0 1 0 0 0 0 1 0 0 1 1 0 0 0 0 0 0 1 0 1 0 0 0 0 1 0 0 0 0 0 1 0 1 0 0 0 0 0 1 0 0 1 1 1 0 1 0 1 0 1 0 1 1 0 1 0 0 1 0
0 0 1 0 1 0 0 1 0 0 1 0 0 0 0 0 0 1 0 1 0 1 0 0 1 0 0 0 0 0 1 1 1 0 0 0 0 0 0 1 0 0 0 1 0 0 0 1 0 1 1 1 0 0 0 0 1 1 1 1
1 0 0 1 0 0 0 0 0 0 0 0 1 0 1 0 1 0 0 1 0 0 0 0 0 1 1 0 0 0 0 0 0 0 1 0 0 1 0 1 0 0 0 1 0 0 1 1 1 1 1 0 0 1 0 1 1 0 0 1
0 0 0 0 0 0 0 0 0 0 1 1 1 0 0 1 0 0 0 0 0 0 0 0 1 0 0 0 1 0 0 0 1 0 1 1 1 1 0 1 1 0 0 0 0 0 0 1 1 0 1 0 0 1 1 1 0 1 0 1
0 0 0 0 1 0 0 0 0 0 0 0 1 1 0 0 1 1 0 0 1 0 0 0 0 0 0 1 1 0 0 0 1 0 0 0 1 0 1 1 0 1 1 0 0 1 1 0 0 1 0 0 1 1 0 0 0 1 0 1
0 0 1 0 0 0 0 0 0 0 0 1 1 0 1 0 0 0 1 0 1 0 1 0 1 0 0 0 1 0 1 1 0 1 1 0 0 0 0 0 0 1 0 1 0 0 1 0 1 1 0 1 0 0 1 0 0 0 1 0
0 0 1 0 0 0 0 0 1 1 0 1 0 1 0 1 0 1 0 1 0 1 1 0 0 0 0 1 0 0 0 0 1 0 0 1 0 0 1 0 1 0 0 1 0 0 0 1 1 0 0 1 0 0 0 1 0 0 1 0
0 0 0 0 1 1 0 0 0 0 0 0 0 1 0 0 1 1 1 1 0 0 0 1 0 1 1 0 0 1 1 0 1 0 0 1 1 0 0 0 0 0 0 1 0 0 0 0 0 0 1 0 1 1 1 0 0 1 0 0
0 0 0 0 0 0 1 0 0 0 0 0 0 0 1 0 1 1 0 1 0 1 0 1 1 0 1 0 0 0 1 0 0 1 1 0 0 1 1 0 1 1 0 0 0 0 1 0 0 1 0 1 0 0 1 0 0 1 0 0
0 0 1 0 0 1 0 0 0 0 1 1 0 0 0 0 1 1 0 1 1 0 1 1 1 0 1 0 0 0 1 1 0 0 1 0 0 0 1 0 1 1 0 0 0 0 0 0 0 0 1 0 0 1 0 0 1 0 0 0
1 1 0 0 0 1 1 1 0 0 0 1 1 0 0 0 0 0 1 0 0 0 0 1 0 0 0 0 0 1 1 0 0 0 0 1 0 0 1 0 1 1 1 0 1 0 1 0 0 0 0 0 0 0 1 0 1 1 0 0
0 0 0 0 1 0 0 0 0 0 0 0 0 1 1 1 0 0 0 0 1 0 1 1 1 1 0 0 0 0 0 1 0 1 0 1 1 1 0 0 0 1 0 0 1 1 0 0 0 0 0 1 1 0 0 0 0 1 1 1
0 0 0 1 0 1 0 0 1 0 1 0 1 0 1 0 0 1 0 0 1 0 0 1 1 0 1 1 1 1 1 1 0 0 0 0 0 0 0 0 0 0 0 0 0 0 1 1 1 0 0 0 0 0 0 1 0 1 0 1
1 0 0 0 0 1 0 1 0 0 0 0 0 1 0 0 0 0 0 0 1 1 0 0 0 1 1 0 0 0 1 0 0 1 0 1 1 1 0 0 0 0 1 1 0 1 0 1 1 0 1 0 1 0 0 0 1 0 0 1
0 0 0 1 0 0 0 0 0 1 0 1 0 0 0 0 0 1 0 0 0 0 1 0 0 0 0 0 0 0 0 1 1 0 0 1 1 1 1 0 0 0 1 0 0 0 0 1 0 1 1 1 1 0 1 1 1 1 1 0
1 0 0 0 0 0 0 0 0 1 0 1 1 0 0 0 0 0 0 1 1 1 1 1 0 1 0 1 0 0 0 1 0 0 0 0 0 1 0 0 1 1 0 1 0 0 1 0 0 1 1 0 0 1 0 0 1 0 1 0
0 1 0 0 0 0 0 0 0 0 0 1 0 1 0 1 0 0 0 0 1 0 1 1 0 1 0 1 1 1 0 0 1 1 1 0 0 0 0 0 1 0 1 0 1 1 0 0 0 0 0 1 1 0 0 0 1 0 1 0
0 0 0 0 1 1 1 0 1 0 0 0 0 0 1 0 1 1 0 0 1 0 1 1 0 0 1 1 0 0 0 0 0 0 0 0 0 1 1 0 0 0 0 1 0 1 1 0 1 1 0 0 0 0 0 1 1 1 0 0
0 1 0 1 0 0 0 1 1 0 1 0 1 0 0 0 1 0 0 0 0 1 1 0 0 0 1 0 0 0 0 1 0 0 0 0 0 0 1 0 1 0 0 1 1 0 0 0 1 1 1 0 1 1 0 1 1 0 0 0
0 0 0 0 1 0 0 0 0 0 0 1 0 1 0 0 0 0 0 0 0 1 0 0 1 1 1 1 0 1 0 1 1 0 0 1 0 1 0 1 0 0 1 0 1 0 0 0 0 0 1 1 1 0 1 1 1 0 0 0
1 0 1 0 0 0 0 0 0 0 1 0 1 0 0 0 0 1 1 0 0 1 0 0 1 1 0 0 1 1 1 0 0 1 0 0 0 0 0 1 1 1 0 0 0 0 0 0 0 1 0 1 1 1 1 0 0 1 0 0
0 0 0 0 0 1 1 0 0 1 1 0 1 0 0 1 0 0 1 0 1 0 0 0 0 0 1 1 0 1 1 0 1 1 0 0 0 0 0 1 1 0 0 0 1 1 0 0 0 1 0 1 0 0 1 0 0 0 1 1
0 0 0 1 0 0 0 1 0 0 1 0 0 1 1 0 0 1 0 0 0 0 0 0 1 0 0 0 1 1 0 1 1 0 0 1 0 0 0 0 0 1 1 0 1 1 0 1 1 0 0 0 1 0 1 1 0 1 0 1
0 1 1 0 0 1 0 0 0 0 1 0 0 1 0 1 1 0 0 1 1 0 0 1 0 1 0 1 1 1 1 0 0 0 1 0 1 0 0 0 1 1 1 0 0 1 1 0 0 0 0 0 0 0 0 0 0 0 0 1
0 1 0 0 0 0 1 0 0 0 0 0 0 0 0 1 1 0 0 0 1 0 0 1 0 1 1 0 1 0 0 0 1 1 0 1 0 0 1 0 0 1 0 1 0 0 1 1 1 0 0 0 1 0 1 0 1 1 1 0
0 1 1 0 0 0 0 1 0 1 0 0 0 0 1 1 0 0 0 0 0 1 0 1 0 0 1 1 0 0 0 1 0 0 1 0 0 0 1 0 1 1 0 1 0 1 1 1 0 1 0 1 0 0 1 0 0 0 1 1
0 1 0 1 0 0 0 1 0 1 0 0 0 0 1 1 1 0 0 0 0 1 1 1 0 0 1 1 0 1 1 1 0 0 1 0 1 0 0 0 0 0 1 0 0 1 0 1 0 0 0 0 0 0 1 0 1 1 0 1
0 1 0 0 0 0 1 0 1 1 0 0 1 1 0 0 0 0 0 0 0 1 0 0 1 1 0 0 0 0 1 0 1 0 1 1 0 1 0 0 0 1 0 0 0 0 1 1 1 1 0 1 1 1 0 0 0 1 0 1
1 0 1 0 1 1 1 1 0 1 0 1 1 0 0 0 0 0 0 1 0 1 1 0 1 1 0 1 0 1 1 0 0 1 0 0 0 0 0 1 0 1 0 0 1 1 1 0 0 1 0 0 0 0 0 0 0 0 0 0
0 0 0 0 0 0 1 1 1 1 0 0 1 1 1 0 1 0 0 0 1 0 0 0 0 0 1 0 1 1 0 0 0 0 0 0 1 1 0 0 1 1 1 1 1 1 1 0 0 0 0 1 0 1 0 0 0 0 1 1
1 1 1 0 0 0 1 0 0 1 0 0 0 0 0 1 0 0 1 1 0 0 0 0 0 0 0 0 1 0 1 1 0 0 1 1 0 1 1 1 0 1 0 0 1 0 0 1 0 1 0 1 0 1 1 0 0 0 1 1
0 1 0 0 0 1 0 0 0 1 1 1 1 1 1 0 0 0 1 1 0 1 0 0 0 1 0 1 1 0 0 0 1 1 0 0 0 0 1 0 0 1 1 1 0 0 0 0 1 0 0 1 1 0 0 0 1 1 0 0
0 1 1 0 1 0 1 1 0 1 1 0 0 1 1 1 1 1 1 1 1 0 0 0 0 1 1 0 1 1 1 1 0 0 0 0 0 0 1 1 1 0 0 0 0 0 0 0 1 1 1 0 1 1 1 0 1 1 0 0
Graph 13, order 60.
0 0 0 1 0 0 0 0 0 0 0 0 0 0 0 0 0 0 0 0 0 0 0 0 0 0 0 0 0 0 0 0 0 0 1 1 0 0 0 0 1 0 0 1 0 0 0 0 0 0 1 0 1 0 0 0 0 1 1 0
0 0 0 0 0 0 0 0 0 1 0 1 0 0 0 0 0 1 0 1 1 0 0 0 0 0 0 0 0 0 1 0 0 0 0 1 0 0 1 1 0 0 0 0 1 0 0 1 0 0 0 0 0 0 0 0 0 0 0 0
0 0 0 0 1 1 0 0 0 0 0 0 0 0 1 0 0 0 1 0 0 0 0 0 0 0 1 0 0 0 0 0 1 0 1 0 0 1 1 0 0 0 0 0 0 0 0 0 1 1 0 0 0 1 0 0 0 0 1 1
1 0 0 0 0 0 0 0 0 0 0 0 0 0 0 1 0 0 0 0 0 1 0 0 1 0 1 0 1 0 0 0 1 0 0 1 0 0 1 0 0 0 0 0 0 0 0 0 0 0 0 1 1 0 0 1 0 1 0 1
0 0 1 0 0 0 0 0 0 0 0 0 0 0 0 0 0 1 0 0 0 0 1 0 0 0 0 0 0 1 0 0 0 0 0 0 0 1 0 0 0 0 0 1 0 1 0 0 0 1 0 0 0 1 1 1 1 1 1 0
0 0 1 0 0 0 0 0 0 1 1 0 0 0 0 0 0 0 1 0 0 0 0 1 0 0 0 0 0 0 0 0 0 0 1 1 0 0 0 1 0 1 0 0 0 0 0 0 1 1 0 0 0 0 1 0 1 0 1 0
0 0 0 0 0 0 0 0 0 0 1 0 0 0 0 0 0 0 0 0 0 0 0 1 0 0 1 0 1 0 0 1 0 0 0 1 1 0 1 1 0 0 0 0 1 0 0 0 0 0 1 0 0 1 1 0 0 1 0 1
0 0 0 0 0 0 0 0 0 0 1 1 0 0 1 0 0 0 0 0 0 0 1 0 1 1 0 0 0 0 0 1 0 1 0 1 1 0 0 1 0 0 0 0 0 0 0 1 1 1 0 0 0 1 0 0 0 0 0 0
0 0 0 0 0 0 0 0 0 0 0 1 1 0 0 1 0 0 0 0 0 0 0 0 1 0 0 0 0 0 0 0 1 1 1 1 1 0 0 0 0 0 0 1 0 0 0 1 0 1 0 0 1 1 0 0 0 1 0 1
0 1 0 0 0 1 0 0 0 0 0 1 1 0 0 1 0 1 0 0 1 1 0 0 0 1 0 0 1 0 0 1 0 0 0 0 1 0 0 0 0 0 0 0 0 0 0 0 0 0 0 0 1 0 0 1 0 1 0 1
0 0 0 0 0 1 1 1 0 0 0 1 0 0 0 0 1 0 0 1 0 1 0 0 0 0 0 0 0 1 0 0 0 0 0 1 0 0 0 0 1 1 1 0 0 0 0 1 0 1 0 0 1 0 1 0 0 0 0 1
0 1 0 0 0 0 0 1 1 1 1 0 0 0 0 0 0 0 0 0 0 0 0 1 0 0 0 1 0 0 0 1 0 0 0 0 0 1 1 0 0 0 0 0 0 1 1 0 1 0 1 0 0 1 1 0 0 0 0 1
0 0 0 0 0 0 0 0 1 1 0 0 0 0 0 0 0 0 0 0 0 1 1 0 1 0 0 0 0 1 1 0 1 0 0 1 0 0 1 0 0 0 0 0 0 1 0 0 1 0 0 0 0 0 1 1 1 0 1 1
0 0 0 0 0 0 0 0 0 0 0 0 0 0 0 0 0 1 1 0 0 0 1 0 0 0 0 0 1 1 1 0 0 1 1 0 0 1 1 1 1 0 0 0 0 0 0 0 0 1 0 1 0 1 0 1 0 0 0 1
0 0 1 0 0 0 0 1 0 0 0 0 0 0 0 0 0 0 1 0 0 0 0 1 0 1 0 0 1 1 0 1 0 1 1 0 1 1 0 0 0 0 1 0 1 0 0 0 0 0 0 0 0 0 0 1 1 0 1 0
0 0 0 1 0 0 0 0 1 1 0 0 0 0 0 0 1 0 1 0 0 0 1 0 1 0 1 1 0 1 0 0 0 0 0 0 0 0 0 0 0 0 0 0 0 0 1 0 1 0 0 1 0 0 1 0 1 1 1 0
0 0 0 0 0 0 0 0 0 0 1 0 0 0 0 1 0 0 0 1 1 0 0 1 1 1 0 0 1 0 0 0 1 0 1 1 0 0 0 1 0 1 1 0 1 0 0 0 0 0 1 0 1 0 0 0 0 0 0 0
0 1 0 0 1 0 0 0 0 1 0 0 0 1 0 0 0 0 0 0 0 1 0 0 0 0 1 1 0 0 0 1 0 0 0 0 0 0 0 0 1 1 0 1 0 0 0 1 0 0 0 1 0 1 1 0 1 0 1 1
0 0 1 0 0 1 0 0 0 0 0 0 0 1 1 1 0 0 0 1 0 0 1 0 0 0 0 0 0 0 0 0 1 0 1 0 0 1 0 1 0 0 1 0 0 0 1 1 0 0 0 0 0 1 1 0 1 0 0 1
0 1 0 0 0 0 0 0 0 0 1 0 0 0 0 0 1 0 1 0 0 0 0 0 1 0 1 0 1 0 0 1 1 1 1 0 0 0 0 0 1 0 1 0 1 0 0 0 0 0 0 0 0 0 0 1 1 0 1 1
0 1 0 0 0 0 0 0 0 1 0 0 0 0 0 0 1 0 0 0 0 0 0 0 0 1 1 0 0 1 0 0 0 1 1 0 0 0 1 1 0 0 1 0 1 0 1 1 0 0 0 0 0 0 1 0 1 1 1 0
0 0 0 1 0 0 0 0 0 1 1 0 1 0 0 0 0 1 0 0 0 0 0 1 0 0 1 0 1 0 1 1 0 1 0 0 0 0 0 1 1 1 0 0 0 0 0 0 0 0 1 1 0 1 1 0 0 0 0 0
0 0 0 0 1 0 0 1 0 0 0 0 1 1 0 1 0 0 1 0 0 0 0 0 0 0 0 0 0 1 1 0 0 1 0 0 0 1 1 0 0 0 0 1 1 1 0 0 0 0 0 0 1 1 0 1 0 0 1 1
0 0 0 0 0 1 1 0 0 0 0 1 0 0 1 0 1 0 0 0 0 1 0 0 1 1 0 0 1 0 1 0 1 1 0 0 0 1 0 0 0 0 0 1 1 1 0 1 0 0 0 1 0 0 0 0 0 0 0 1
0 0 0 1 0 0 0 1 1 0 0 0 1 0 0 1 1 0 0 1 0 0 0 1 0 1 0 1 0 0 0 0 1 0 0 0 0 1 0 0 1 1 1 0 0 0 0 0 0 1 0 0 0 1 0 0 0 1 1 0
0 0 0 0 0 0 0 1 0 1 0 0 0 0 1 0 1 0 0 0 1 0 0 1 1 0 1 1 0 0 0 0 0 0 0 0 0 1 0 0 1 1 1 1 1 1 0 0 0 0 1 0 0 0 0 1 1 0 0 0
0 0 1 1 0 0 1 0 0 0 0 0 0 0 0 1 0 1 0 1 1 1 0 0 0 1 0 0 0 0 0 0 0 0 0 0 0 0 1 1 1 0 0 1 0 0 0 0 1 0 0 1 1 0 0 0 1 1 1 1
0 0 0 0 0 0 0 0 0 0 0 1 0 0 0 1 0 1 0 0 0 0 0 0 1 1 0 0 0 1 1 0 1 0 0 0 1 0 1 0 1 1 1 1 1 0 1 1 0 0 0 1 0 0 0 0 1 0 0 1
0 0 0 1 0 0 1 0 0 1 0 0 0 1 1 0 1 0 0 1 0 1 0 1 0 0 0 0 0 0 0 1 0 0 0 1 0 0 0 1 0 0 0 0 0 1 1 0 1 1 1 1 0 1 0 1 0 0 0 0
0 0 0 0 1 0 0 0 0 0 1 0 1 1 1 1 0 0 0 0 1 0 1 0 0 0 0 1 0 0 1 1 0 0 0 1 1 1 0 0 0 0 0 0 0 1 1 1 0 0 1 0 0 0 0 0 1 0 1 0
0 1 0 0 0 0 0 0 0 0 0 0 1 1 0 0 0 0 0 0 0 1 1 1 0 0 0 1 0 1 0 0 0 0 1 0 1 0 1 0 1 0 1 0 1 0 1 1 0 0 1 0 1 1 0 0 0 0 1 0
0 0 0 0 0 0 1 1 0 1 0 1 0 0 1 0 0 1 0 1 0 1 0 0 0 0 0 0 1 1 0 0 0 0 1 1 0 0 0 0 0 0 0 1 0 0 1 0 1 0 0 1 0 0 1 1 1 0 1 1
0 0 1 1 0 0 0 0 1 0 0 0 1 0 0 0 1 0 1 1 0 0 0 1 1 0 0 1 0 0 0 0 0 0 0 0 0 1 0 1 1 0 0 0 0 1 0 1 1 0 0 1 1 0 1 0 0 1 0 1
0 0 0 0 0 0 0 1 1 0 0 0 0 1 1 0 0 0 0 1 1 1 1 1 0 0 0 0 0 0 0 0 0 0 0 0 0 1 1 1 0 1 0 0 0 0 0 1 1 0 1 1 1 1 0 1 1 0 0 0
1 0 1 0 0 1 0 0 1 0 0 0 0 1 1 0 1 0 1 1 1 0 0 0 0 0 0 0 0 0 1 1 0 0 0 0 1 0 1 0 0 0 0 0 0 1 1 0 0 1 0 1 1 0 0 0 1 1 0 0
1 1 0 1 0 1 1 1 1 0 1 0 1 0 0 0 1 0 0 0 0 0 0 0 0 0 0 0 1 1 0 1 0 0 0 0 0 1 1 0 1 0 0 0 0 0 0 0 0 0 1 1 1 0 1 0 0 0 1 1
0 0 0 0 0 0 1 1 1 1 0 0 0 0 1 0 0 0 0 0 0 0 0 0 0 0 0 1 0 1 1 0 0 0 1 0 0 0 0 0 0 1 1 1 0 1 1 0 1 1 1 0 1 0 0 0 1 1 1 1
0 0 1 0 1 0 0 0 0 0 0 1 0 1 1 0 0 0 1 0 0 0 1 1 1 1 0 0 0 1 0 0 1 1 0 1 0 0 0 0 0 0 0 1 0 1 0 0 0 1 1 0 1 0 0 0 0 1 1 1
0 1 1 1 0 0 1 0 0 0 0 1 1 1 0 0 0 0 0 0 1 0 1 0 0 0 1 1 0 0 1 0 0 1 1 1 0 0 0 1 0 0 1 0 1 0 0 1 0 0 0 0 1 0 0 1 0 0 0 1
0 1 0 0 0 1 1 1 0 0 0 0 0 1 0 0 1 0 1 0 1 1 0 0 0 0 1 0 1 0 0 0 1 1 0 0 0 0 1 0 0 1 0 0 1 0 0 0 0 1 0 1 1 1 0 0 1 1 0 0
1 0 0 0 0 0 0 0 0 0 1 0 0 1 0 0 0 1 0 1 0 1 0 0 1 1 1 1 0 0 1 0 1 0 0 1 0 0 0 0 0 1 0 0 1 1 1 1 0 1 0 0 1 0 1 1 0 0 0 0
0 0 0 0 0 1 0 0 0 0 1 0 0 0 0 0 1 1 0 0 0 1 0 0 1 1 0 1 0 0 0 0 0 1 0 0 1 0 0 1 1 0 0 1 0 1 1 0 1 0 1 1 0 1 1 0 0 1 1 0
0 0 0 0 0 0 0 0 0 0 1 0 0 0 1 0 1 0 1 1 1 0 0 0 1 1 0 1 0 0 1 0 0 0 0 0 1 0 1 0 0 0 0 0 1 1 1 0 0 1 0 1 1 1 0 1 1 1 0 0
1 0 0 0 1 0 0 0 1 0 0 0 0 0 0 0 0 1 0 0 0 0 1 1 0 1 1 1 0 0 0 1 0 0 0 0 1 1 0 0 0 1 0 0 1 0 1 1 1 1 0 0 1 0 0 1 1 1 0 0
0 1 0 0 0 0 1 0 0 0 0 0 0 0 1 0 1 0 0 1 1 0 1 1 0 1 0 1 0 0 1 0 0 0 0 0 0 0 1 1 1 0 1 1 0 0 0 0 1 1 1 1 0 1 0 1 0 0 0 0
0 0 0 0 1 0 0 0 0 0 0 1 1 0 0 0 0 0 0 0 0 0 1 1 0 1 0 0 1 1 0 0 1 0 1 0 1 1 0 0 1 1 1 0 0 0 0 1 0 1 0 0 1 0 1 1 1 1 0 1
0 0 0 0 0 0 0 0 0 0 0 1 0 0 0 1 0 0 1 0 1 0 0 0 0 0 0 1 1 1 1 1 0 0 1 0 1 0 0 0 1 1 1 1 0 0 0 0 1 0 1 0 0 0 1 1 1 1 1 1
0 1 0 0 0 0 0 1 1 0 1 0 0 0 0 0 0 1 1 0 1 0 0 1 0 0 0 1 0 1 1 0 1 1 0 0 0 0 1 0 1 0 0 1 0 1 0 0 0 1 0 1 0 0 1 1 0 1 1 0
0 0 1 0 0 1 0 1 0 0 0 1 1 0 0 1 0 0 0 0 0 0 0 0 0 0 1 0 1 0 0 1 1 1 0 0 1 0 0 0 0 1 0 1 1 0 1 0 0 0 1 1 1 1 1 0 0 1 1 0
0 0 1 0 1 1 0 1 1 0 1 0 0 1 0 0 0 0 0 0 0 0 0 0 1 0 0 0 1 0 0 0 0 0 1 0 1 1 0 1 1 0 1 1 1 1 0 1 0 0 1 1 0 0 0 1 0 0 1 0
1 0 0 0 0 0 1 0 0 0 0 1 0 0 0 0 1 0 0 0 0 1 0 0 0 1 0 0 1 1 1 0 0 1 0 1 1 1 0 0 0 1 0 0 1 0 1 0 1 1 0 1 1 1 0 0 1 1 0 0
0 0 0 1 0 0 0 0 0 0 0 0 0 1 0 1 0 1 0 0 0 1 0 1 0 0 1 1 1 0 0 1 1 1 1 1 0 0 0 1 0 1 1 0 1 0 0 1 1 1 1 0 0 1 0 0 0 0 0 0
1 0 0 1 0 0 0 0 1 1 1 0 0 0 0 0 1 0 0 0 0 0 1 0 0 0 1 0 0 0 1 0 1 1 1 1 1 1 1 1 1 0 1 1 0 1 0 0 1 0 1 0 0 0 0 0 0 1 0 0
0 0 1 0 1 0 1 1 1 0 0 1 0 1 0 0 0 1 1 0 0 1 1 0 1 0 0 0 1 0 1 0 0 1 0 0 0 0 0 1 0 1 1 0 1 0 0 0 1 0 1 1 0 0 0 1 0 0 1 1
0 0 0 0 1 1 1 0 0 0 1 1 1 0 0 1 0 1 1 0 1 1 0 0 0 0 0 0 0 0 0 1 1 0 0 1 0 0 0 0 1 1 0 0 0 1 1 1 1 0 0 0 0 0 0 1 1 1 1 1
0 0 0 1 1 0 0 0 0 1 0 0 1 1 1 0 0 0 0 1 0 0 1 0 0 1 0 0 1 0 0 1 0 1 0 0 0 0 1 0 1 0 1 1 1 1 1 1 0 1 0 0 0 1 1 0 1 0 1 1
0 0 0 0 1 1 0 0 0 0 0 0 1 0 1 1 0 1 1 1 1 0 0 0 0 1 1 1 0 1 0 1 0 1 1 0 1 0 0 1 0 0 1 1 0 1 1 0 0 0 1 0 0 0 1 1 0 0 0 1
1 0 0 1 1 0 1 0 1 1 0 0 0 0 0 1 0 0 0 0 1 0 0 0 1 0 1 0 0 0 0 0 1 0 1 0 1 1 0 1 0 1 1 1 0 1 1 1 1 0 1 0 1 0 1 0 0 0 1 1
1 0 1 0 1 1 0 0 0 0 0 0 1 0 1 1 0 1 0 1 1 0 1 0 1 0 1 0 0 1 1 1 0 0 0 1 1 1 0 0 0 1 0 0 0 0 1 1 1 1 0 0 0 1 1 1 0 1 0 1
0 0 1 1 0 0 1 0 1 1 1 1 1 1 0 0 0 1 1 1 0 0 1 1 0 0 1 1 0 0 0 1 1 0 0 1 1 1 1 0 0 0 0 0 0 1 1 0 0 0 0 0 0 1 1 1 1 1 1 0
Graph 14, order 60.
0 0 0 1 0 0 0 1 0 0 0 0 0 0 0 0 0 0 1 0 1 0 0 0 0 0 0 1 1 1 0 1 0 1 1 0 0 0 1 0 0 1 0 0 0 0 0 0 0 0 0 0 0 0 0 1 0 0 0 0
0 0 0 0 0 0 0 0 1 0 1 0 0 0 0 1 1 0 0 0 0 0 0 0 0 0 0 0 0 0 0 0 0 0 0 0 0 0 1 1 0 1 1 1 0 0 0 1 0 1 0 1 0 0 0 1 0 0 0 0
0 0 0 0 0 1 0 0 0 1 0 0 0 0 0 0 0 0 0 0 0 0 0 0 0 0 0 0 0 0 0 0 1 0 0 1 0 0 0 0 1 0 1 0 1 1 1 0 0 0 1 1 1 0 1 0 0 0 0 0
1 0 0 0 0 0 0 0 1 1 0 0 0 0 0 0 1 0 1 0 0 0 0 0 1 0 0 1 0 0 0 0 0 0 1 1 0 0 1 1 0 0 0 1 0 0 0 0 0 0 0 0 0 1 0 1 0 0 0 0
0 0 0 0 0 0 0 0 0 0 0 0 0 0 0 1 0 0 0 0 1 1 0 0 0 0 0 0 0 0 1 0 1 1 1 0 0 1 0 0 1 1 0 0 1 0 0 0 0 1 0 0 0 0 0 1 0 1 0 1
0 0 1 0 0 0 0 0 0 0 0 0 0 0 1 1 0 0 0 0 0 1 0 0 0 0 0 0 1 1 0 0 1 0 0 0 0 0 1 0 0 0 0 1 1 0 1 0 0 0 1 0 0 0 1 0 1 1 0 1
0 0 0 0 0 0 0 0 1 0 0 0 0 1 0 0 0 0 0 1 0 0 0 1 1 0 0 0 0 0 0 1 1 0 1 0 0 1 0 1 1 0 0 0 0 0 0 1 0 0 1 1 1 0 0 0 0 0 0 1
1 0 0 0 0 0 0 0 0 0 1 0 1 1 0 0 0 0 0 0 0 0 1 0 0 0 0 1 0 0 0 0 1 1 0 0 0 0 1 0 0 0 0 0 1 0 1 1 0 0 0 1 1 0 0 0 1 1 0 0
0 1 0 1 0 0 1 0 0 0 1 0 0 0 0 0 0 0 0 0 1 0 0 0 1 1 0 0 0 0 0 0 1 0 0 0 0 0 1 0 1 0 1 0 1 0 1 0 0 1 0 0 1 0 0 0 0 1 0 0
0 0 1 1 0 0 0 0 0 0 0 0 1 1 0 0 0 1 1 0 0 0 1 1 0 0 0 0 0 0 1 0 0 0 0 1 0 0 0 0 0 0 1 0 0 0 0 1 0 0 1 1 0 0 0 1 1 0 0 0
0 1 0 0 0 0 0 1 1 0 0 0 1 0 0 0 0 1 0 1 0 0 0 0 0 0 1 1 0 1 0 0 0 0 0 0 1 0 0 0 0 0 0 1 1 0 1 0 0 0 0 1 0 0 1 0 1 0 0 1
0 0 0 0 0 0 0 0 0 0 0 0 1 1 1 1 1 1 0 1 0 1 0 0 1 1 0 0 0 0 0 0 0 0 0 1 0 0 0 0 0 0 0 0 1 0 1 1 0 0 0 0 0 0 0 1 1 0 1 0
0 0 0 0 0 0 0 1 0 1 1 1 0 0 0 0 0 1 1 0 1 1 0 1 1 0 0 0 1 0 0 0 0 0 0 0 1 0 1 0 0 0 0 0 0 1 0 0 0 0 0 0 1 1 0 0 0 1 0 0
0 0 0 0 0 0 1 1 0 1 0 1 0 0 0 0 1 1 0 0 1 0 0 0 0 0 0 1 0 1 0 0 1 0 0 0 0 0 0 1 0 1 1 0 0 0 1 0 0 0 1 1 0 0 0 1 0 0 0 0
0 0 0 0 0 1 0 0 0 0 0 1 0 0 0 1 0 0 0 0 0 0 0 1 0 0 1 0 0 1 0 1 0 0 0 0 0 0 0 1 0 1 1 1 0 0 1 0 1 1 0 0 0 1 0 1 1 0 0 1
0 1 0 0 1 1 0 0 0 0 0 1 0 0 1 0 0 0 0 0 0 0 0 0 0 1 0 0 1 0 0 0 1 1 0 1 0 0 0 1 0 0 1 1 1 1 0 0 1 0 0 1 0 0 0 0 0 0 0 1
0 1 0 1 0 0 0 0 0 0 0 1 0 1 0 0 0 1 0 0 1 1 0 1 0 1 0 0 0 1 0 0 0 0 1 0 0 1 0 0 0 0 0 0 0 0 1 0 0 1 1 0 0 0 0 1 0 1 1 0
0 0 0 0 0 0 0 0 0 1 1 1 1 1 0 0 1 0 0 0 0 0 0 1 0 0 0 0 0 0 1 0 1 1 0 0 1 0 1 0 0 0 0 0 0 0 0 0 0 0 0 1 1 0 1 1 0 1 1 0
1 0 0 1 0 0 0 0 0 1 0 0 1 0 0 0 0 0 0 0 0 0 0 0 0 0 0 1 0 0 0 0 0 0 0 1 1 1 1 0 0 1 0 0 0 1 1 0 1 1 0 0 1 0 0 1 1 0 1 0
0 0 0 0 0 0 1 0 0 0 1 1 0 0 0 0 0 0 0 0 1 1 0 0 0 1 1 0 1 1 0 1 0 0 1 0 0 0 1 1 0 0 1 0 0 1 0 0 0 0 0 1 0 0 1 0 0 1 0 0
1 0 0 0 1 0 0 0 1 0 0 0 1 1 0 0 1 0 0 1 0 1 1 1 0 0 0 0 1 0 0 0 0 0 0 0 1 1 0 0 0 0 0 0 0 0 1 0 0 1 0 0 0 1 1 0 0 1 0 0
0 0 0 0 1 1 0 0 0 0 0 1 1 0 0 0 1 0 0 1 1 0 1 1 1 0 0 0 0 0 1 1 1 0 0 0 0 0 0 0 0 0 1 0 0 0 0 0 0 0 1 1 0 1 0 0 1 0 0 0
0 0 0 0 0 0 0 1 0 1 0 0 0 0 0 0 0 0 0 0 1 1 0 0 0 0 0 1 0 0 0 1 0 0 0 1 1 0 1 0 1 0 0 0 0 0 1 1 1 0 0 1 1 0 0 1 0 1 1 1
0 0 0 0 0 0 1 0 0 1 0 0 1 0 1 0 1 1 0 0 1 1 0 0 0 0 0 0 1 0 0 0 0 0 0 0 1 0 0 0 0 0 1 1 1 0 0 1 1 0 0 0 0 0 1 0 0 1 1 1
0 0 0 1 0 0 1 0 1 0 0 1 1 0 0 0 0 0 0 0 0 1 0 0 0 1 1 0 0 0 1 0 0 0 0 0 1 1 0 0 0 1 0 0 0 0 1 0 1 0 0 0 0 0 1 0 1 1 1 1
0 0 0 0 0 0 0 0 1 0 0 1 0 0 0 1 1 0 0 1 0 0 0 0 1 0 0 0 0 1 0 1 0 1 1 0 1 0 0 0 0 1 0 0 0 0 1 0 0 0 0 0 1 1 1 1 0 0 1 1
0 0 0 0 0 0 0 0 0 0 1 0 0 0 1 0 0 0 0 1 0 0 0 0 1 0 0 0 1 1 1 0 0 1 0 0 1 0 1 1 0 1 1 0 1 1 0 1 0 0 0 1 0 0 1 0 0 0 0 1
1 0 0 1 0 0 0 1 0 0 1 0 0 1 0 0 0 0 1 0 0 0 1 0 0 0 0 0 0 0 0 0 0 0 1 0 0 0 0 0 1 1 1 0 0 1 0 0 1 1 1 1 0 0 0 1 0 1 1 0
1 0 0 0 0 1 0 0 0 0 0 0 1 0 0 1 0 0 0 1 1 0 0 1 0 0 1 0 0 0 0 1 0 1 0 0 1 1 1 0 0 0 1 0 1 1 0 0 0 1 0 0 0 0 0 1 0 0 1 0
1 0 0 0 0 1 0 0 0 0 1 0 0 1 1 0 1 0 0 1 0 0 0 0 0 1 1 0 0 0 0 0 0 0 0 1 0 1 0 0 0 0 0 0 0 0 1 0 1 0 0 1 1 1 1 0 1 0 1 0
0 0 0 0 1 0 0 0 0 1 0 0 0 0 0 0 0 1 0 0 0 1 0 0 1 0 1 0 0 0 0 0 1 0 1 1 1 1 0 1 0 0 0 0 1 0 1 0 0 1 1 0 0 0 0 0 1 1 1 1
1 0 0 0 0 0 1 0 0 0 0 0 0 0 1 0 0 0 0 1 0 1 1 0 0 1 0 0 1 0 0 0 0 0 1 0 0 0 0 0 0 1 0 0 1 0 0 1 1 1 1 1 0 0 1 0 1 0 1 1
0 0 1 0 1 1 1 1 1 0 0 0 0 1 0 1 0 1 0 0 0 1 0 0 0 0 0 0 0 0 1 0 0 0 0 1 0 0 0 0 1 0 0 1 0 1 0 0 0 1 0 0 1 0 0 0 1 0 1 1
1 0 0 0 1 0 0 1 0 0 0 0 0 0 0 1 0 1 0 0 0 0 0 0 0 1 1 0 1 0 0 0 0 0 0 0 0 1 1 1 0 1 0 1 1 0 0 1 0 1 1 1 0 0 1 0 0 0 0 1
1 0 0 1 1 0 1 0 0 0 0 0 0 0 0 0 1 0 0 1 0 0 0 0 0 1 0 1 0 0 1 1 0 0 0 0 1 0 0 0 0 0 1 1 0 0 1 0 1 1 1 1 0 0 0 0 1 1 0 0
0 0 1 1 0 0 0 0 0 1 0 1 0 0 0 1 0 0 1 0 0 0 1 0 0 0 0 0 0 1 1 0 1 0 0 0 0 1 0 1 1 1 0 1 0 0 0 0 1 1 0 1 1 0 0 0 1 0 0 0
0 0 0 0 0 0 0 0 0 0 1 0 1 0 0 0 0 1 1 0 1 0 1 1 1 1 1 0 1 0 1 0 0 0 1 0 0 0 1 1 0 1 0 0 1 0 0 0 0 0 0 0 0 1 0 0 1 0 1 1
0 0 0 0 1 0 1 0 0 0 0 0 0 0 0 0 1 0 1 0 1 0 0 0 1 0 0 0 1 1 1 0 0 1 0 1 0 0 0 0 0 0 0 1 0 0 1 1 0 1 0 0 1 1 1 0 1 1 0 1
1 1 0 1 0 1 0 1 1 0 0 0 1 0 0 0 0 1 1 1 0 0 1 0 0 0 1 0 1 0 0 0 0 1 0 0 1 0 0 1 0 0 0 1 1 0 0 0 0 0 0 0 0 1 0 0 0 1 0 1
0 1 0 1 0 0 1 0 0 0 0 0 0 1 1 1 0 0 0 1 0 0 0 0 0 0 1 0 0 0 1 0 0 1 0 1 1 0 1 0 0 1 0 0 1 0 0 1 1 0 1 0 1 1 0 0 0 0 0 1
0 0 1 0 1 0 1 0 1 0 0 0 0 0 0 0 0 0 0 0 0 0 1 0 0 0 0 1 0 0 0 0 1 0 0 1 0 0 0 0 0 0 1 0 1 1 0 1 1 1 1 0 0 1 1 1 1 1 1 1
1 1 0 0 1 0 0 0 0 0 0 0 0 1 1 0 0 0 1 0 0 0 0 0 1 1 1 1 0 0 0 1 0 1 0 1 1 0 0 1 0 0 0 0 0 0 0 1 0 0 1 1 1 0 0 0 1 1 0 1
0 1 1 0 0 0 0 0 1 1 0 0 0 1 1 1 0 0 0 1 0 1 0 1 0 0 1 1 1 0 0 0 0 0 1 0 0 0 0 0 1 0 0 0 0 0 0 0 1 0 1 0 1 1 1 0 0 1 0 1
0 1 0 1 0 1 0 0 0 0 1 0 0 0 1 1 0 0 0 0 0 0 0 1 0 0 0 0 0 0 0 0 1 1 1 1 0 1 1 0 0 0 0 0 1 1 1 1 1 0 0 0 0 1 0 1 0 1 1 0
0 0 1 0 1 1 0 1 1 0 1 1 0 0 0 1 0 0 0 0 0 0 0 1 0 0 1 0 1 0 1 1 0 1 0 0 1 0 1 1 1 0 0 1 0 0 0 0 0 0 0 0 0 1 0 1 0 1 0 0
0 0 1 0 0 0 0 0 0 0 0 0 1 0 0 1 0 0 1 1 0 0 0 0 0 0 1 1 1 0 0 0 1 0 0 0 0 0 0 0 1 0 0 1 0 0 1 1 1 0 1 0 1 1 1 1 1 1 1 1
0 0 1 0 0 1 0 1 1 0 1 1 0 1 1 0 1 0 1 0 1 0 1 0 1 1 0 0 0 1 1 0 0 0 1 0 0 1 0 0 0 0 0 1 0 1 0 0 0 0 0 0 0 1 0 0 1 0 0 1
0 1 0 0 0 0 1 1 0 1 0 1 0 0 0 0 0 0 0 0 0 0 1 1 0 0 1 0 0 0 0 1 0 1 0 0 0 1 0 1 1 1 0 1 0 1 0 0 1 1 1 0 0 1 0 0 1 1 1 0
0 0 0 0 0 0 0 0 0 0 0 0 0 0 1 1 0 0 1 0 0 0 1 1 1 0 0 1 0 1 0 1 0 0 1 1 0 0 0 1 1 0 1 1 0 1 0 1 0 1 0 0 1 1 1 1 0 0 1 0
0 1 0 0 1 0 0 0 1 0 0 0 0 0 1 0 1 0 1 0 1 0 0 0 0 0 0 1 1 0 1 1 1 1 1 1 0 1 0 0 1 0 0 0 0 0 0 1 1 0 1 0 0 1 0 1 0 0 1 1
0 0 1 0 0 1 1 0 0 1 0 0 0 1 0 0 1 0 0 0 0 1 0 0 0 0 0 1 0 0 1 1 0 1 1 0 0 0 0 1 1 1 1 0 0 1 0 1 0 1 0 0 1 1 1 0 0 0 1 1
0 1 1 0 0 0 1 1 0 1 1 0 0 1 0 1 0 1 0 1 0 1 1 0 0 0 1 1 0 1 0 1 0 1 1 1 0 0 0 0 0 1 0 0 0 0 0 0 0 0 0 0 0 1 1 0 1 0 0 1
0 0 1 0 0 0 1 1 1 0 0 0 1 0 0 0 0 1 1 0 0 0 1 0 0 1 0 0 0 1 0 0 1 0 0 1 0 1 0 1 0 1 1 0 0 1 0 0 1 0 1 0 0 1 1 1 0 1 1 0
0 0 0 1 0 0 0 0 0 0 0 0 1 0 1 0 0 0 0 0 1 1 0 0 0 1 0 0 0 1 0 0 0 0 0 0 1 1 1 1 1 0 1 1 1 1 1 1 1 1 1 1 1 0 0 0 0 0 1 0
0 0 1 0 0 1 0 0 0 0 1 0 0 0 0 0 0 1 0 1 1 0 0 1 1 1 1 0 0 1 0 1 0 1 0 0 0 1 0 0 1 0 1 0 0 1 0 0 1 0 1 1 1 0 0 0 1 1 1 1
1 1 0 1 1 0 0 0 0 1 0 1 0 1 1 0 1 1 1 0 0 0 1 0 0 1 0 1 1 0 0 0 0 0 0 0 0 0 0 0 1 0 0 1 1 1 0 0 1 1 0 0 1 0 0 0 1 0 1 1
0 0 0 0 0 1 0 1 0 1 1 1 0 0 1 0 0 0 1 0 0 1 0 0 1 0 0 0 0 1 1 1 1 0 1 1 1 1 0 0 1 1 0 0 0 1 1 1 0 0 0 1 0 0 1 1 0 0 1 1
0 0 0 0 1 1 0 1 1 0 0 0 1 0 0 0 1 1 0 1 1 0 1 1 1 0 0 1 0 0 1 0 0 0 1 0 0 1 1 0 1 1 1 1 1 1 0 1 0 0 0 0 1 0 1 0 0 0 0 1
0 0 0 0 0 0 0 0 0 0 0 1 0 0 0 0 1 1 1 0 0 0 1 1 1 1 0 1 1 1 1 1 1 0 0 0 1 0 0 0 1 0 0 1 0 1 0 1 1 1 1 0 1 1 1 1 1 0 0 0
0 0 0 0 1 1 1 0 0 0 1 0 0 0 1 1 0 0 0 0 0 0 1 1 1 1 1 0 0 0 1 1 1 1 0 0 1 1 1 1 1 1 1 0 0 1 1 0 0 1 1 1 0 0 1 1 1 1 0 0
Graph 15, order 60.
0 0 0 0 0 1 0 0 0 0 0 0 0 1 0 0 0 0 0 0 0 0 0 0 1 0 0 0 0 0 1 0 1 0 0 0 1 0 0 0 0 1 0 0 0 0 0 0 1 0 1 0 1 1 0 0 1 0 0 1
0 0 0 1 0 0 0 0 0 0 0 1 0 0 0 0 0 0 0 0 1 1 0 1 0 0 0 1 0 0 0 0 1 1 1 0 0 0 0 0 0 0 0 0 0 1 0 0 0 0 1 0 0 1 0 0 0 0 0 1
0 0 0 0 0 0 0 0 1 0 0 0 0 0 0 1 0 0 1 0 0 0 0 0 0 1 1 1 0 0 0 0 0 0 0 0 1 1 0 1 0 0 0 1 0 0 0 0 0 0 1 0 1 0 1 0 0 0 0 0
0 1 0 0 1 0 0 1 0 0 0 0 0 0 0 0 0 0 0 0 0 0 1 0 0 1 0 1 0 0 0 1 1 0 0 1 0 0 0 0 1 0 0 0 0 1 1 0 1 0 0 0 0 0 0 0 0 0 0 0
0 0 0 1 0 0 0 0 1 0 0 0 0 0 0 0 0 0 0 0 0 1 0 0 0 1 0 0 0 1 1 1 0 1 0 0 0 0 0 0 1 0 0 1 0 0 0 0 1 1 0 0 0 1 0 0 1 1 0 0
1 0 0 0 0 0 1 0 0 0 0 0 0 0 1 0 0 0 0 1 0 0 0 1 0 0 0 0 0 1 0 0 0 0 0 0 1 1 0 0 0 0 1 0 0 0 0 1 0 1 0 1 0 1 1 0 1 0 0 0
0 0 0 0 0 1 0 0 0 1 0 0 0 0 0 0 0 1 0 1 0 0 0 0 0 0 1 1 0 0 0 1 0 0 0 0 0 1 1 1 1 0 1 0 0 1 0 0 0 0 0 0 0 0 0 1 1 0 0 0
0 0 0 1 0 0 0 0 1 0 0 1 0 0 0 0 1 0 1 0 1 0 0 0 0 0 1 0 0 1 0 0 1 0 0 0 0 0 0 0 0 1 0 0 1 0 1 0 0 0 0 1 0 1 1 0 0 0 0 0
0 0 1 0 1 0 0 1 0 0 0 0 0 0 0 0 1 0 0 0 0 0 0 1 1 1 0 0 0 1 0 0 0 1 0 1 1 0 0 0 0 0 0 0 0 1 0 1 0 0 0 0 1 0 0 0 0 0 0 1
0 0 0 0 0 0 1 0 0 0 0 0 0 0 1 1 0 0 0 1 0 0 0 1 1 0 0 0 0 0 0 0 0 1 1 0 0 0 1 1 0 1 0 0 0 0 0 1 0 1 0 0 0 1 0 1 0 1 0 0
0 0 0 0 0 0 0 0 0 0 0 0 1 0 0 0 0 0 1 0 1 0 0 0 1 1 1 0 0 0 0 1 0 0 0 0 0 1 0 0 0 0 1 0 0 1 1 0 0 0 0 1 0 0 0 1 0 1 1 1
0 1 0 0 0 0 0 1 0 0 0 0 0 0 0 0 0 0 0 0 0 0 0 0 0 0 1 0 1 1 0 0 1 1 1 0 0 1 1 0 0 0 1 0 0 0 0 0 0 1 0 0 1 0 1 0 1 1 1 0
0 0 0 0 0 0 0 0 0 0 1 0 0 0 0 0 0 0 1 0 0 0 1 0 1 0 0 0 1 1 1 0 0 0 1 1 0 0 0 0 1 0 0 0 0 0 0 0 0 1 0 1 0 1 1 1 0 1 1 0
1 0 0 0 0 0 0 0 0 0 0 0 0 0 0 0 0 0 1 0 0 0 0 0 0 0 1 0 1 1 0 0 0 1 0 0 1 0 0 1 0 0 0 1 0 0 0 1 0 0 0 1 1 1 1 1 1 0 0 1
0 0 0 0 0 1 0 0 0 1 0 0 0 0 0 1 1 0 0 0 1 0 0 0 0 0 0 0 0 1 0 0 0 0 0 0 1 0 1 0 0 0 0 0 0 1 1 1 1 1 0 0 0 1 1 1 0 0 0 1
0 0 1 0 0 0 0 0 0 1 0 0 0 0 1 0 0 1 0 0 0 0 0 1 1 0 0 1 0 0 0 0 0 0 1 1 0 0 0 0 0 0 1 1 1 1 0 1 0 0 0 0 0 1 1 0 1 1 0 0
0 0 0 0 0 0 0 1 1 0 0 0 0 0 1 0 0 1 0 0 0 0 1 0 0 0 0 0 0 0 0 0 1 0 0 0 0 0 0 0 1 0 1 0 1 0 1 0 1 1 1 1 0 0 1 0 1 1 1 0
0 0 0 0 0 0 1 0 0 0 0 0 0 0 0 1 1 0 0 0 0 0 1 0 0 0 0 0 0 0 0 0 1 1 1 1 0 0 0 1 0 0 1 0 1 0 1 1 0 0 0 0 1 0 1 0 1 1 1 0
0 0 1 0 0 0 0 1 0 0 1 0 1 1 0 0 0 0 0 0 0 0 0 0 0 0 0 1 0 0 1 0 0 1 0 0 0 0 0 1 1 1 0 0 1 0 0 1 0 1 1 1 0 0 0 0 0 1 0 1
0 0 0 0 0 1 1 0 0 1 0 0 0 0 0 0 0 0 0 0 0 0 0 1 0 1 0 0 0 0 0 0 1 1 0 0 1 0 1 0 0 1 0 1 0 1 1 0 1 0 0 0 1 0 1 0 1 0 1 0
0 1 0 0 0 0 0 1 0 0 1 0 0 0 1 0 0 0 0 0 0 1 1 0 1 0 0 0 0 1 0 0 1 0 1 0 0 0 1 0 0 0 0 1 0 0 1 0 0 1 0 1 1 1 0 0 0 0 1 0
0 1 0 0 1 0 0 0 0 0 0 0 0 0 0 0 0 0 0 0 1 0 1 0 0 0 1 0 0 1 0 0 1 1 0 1 0 1 1 0 0 1 0 0 0 0 0 0 0 1 0 0 1 0 1 1 0 0 1 1
0 0 0 1 0 0 0 0 0 0 0 0 1 0 0 0 1 1 0 0 1 1 0 1 1 1 1 0 0 1 1 0 0 0 0 0 1 0 1 0 0 0 0 1 1 0 1 0 0 0 0 0 0 0 1 0 0 1 0 0
0 1 0 0 0 1 0 0 1 1 0 0 0 0 0 1 0 0 0 1 0 0 1 0 0 0 0 1 0 0 0 0 0 0 1 1 0 0 0 0 0 0 0 1 1 0 1 1 1 1 1 0 0 0 0 0 1 0 1 0
1 0 0 0 0 0 0 0 1 1 1 0 1 0 0 1 0 0 0 0 1 0 1 0 0 0 1 0 0 0 1 0 0 0 1 0 0 1 0 0 1 0 0 0 1 0 0 0 0 0 1 0 0 1 1 0 0 0 1 1
0 0 1 1 1 0 0 0 1 0 1 0 0 0 0 0 0 0 0 1 0 0 1 0 0 0 0 0 1 0 1 1 0 0 0 0 1 1 0 0 0 0 1 0 1 0 0 0 0 1 1 0 0 0 1 1 0 0 0 1
0 0 1 0 0 0 1 1 0 0 1 1 0 1 0 0 0 0 0 0 0 1 1 0 1 0 0 0 1 0 0 0 0 0 0 1 0 0 1 0 1 0 0 1 0 1 0 0 0 1 1 0 0 0 0 1 0 1 0 1
0 1 1 1 0 0 1 0 0 0 0 0 0 0 0 1 0 0 1 0 0 0 0 1 0 0 0 0 1 0 0 0 0 0 1 0 0 1 1 1 0 1 1 0 1 0 0 0 1 0 1 0 0 0 0 1 0 1 0 1
0 0 0 0 0 0 0 0 0 0 0 1 1 1 0 0 0 0 0 0 0 0 0 0 0 1 1 1 0 0 1 1 0 1 0 1 0 0 0 0 0 0 1 0 1 1 1 1 0 0 0 1 1 0 1 0 0 1 1 0
0 0 0 0 1 1 0 1 1 0 0 1 1 1 1 0 0 0 0 0 1 1 1 0 0 0 0 0 0 0 0 0 0 0 0 0 0 1 0 0 1 1 1 1 0 0 0 0 1 0 0 0 1 0 0 0 1 0 1 0
1 0 0 0 1 0 0 0 0 0 0 0 1 0 0 0 0 0 1 0 0 0 1 0 1 1 0 0 1 0 0 0 1 1 1 0 0 1 0 0 1 0 0 0 0 1 0 0 1 1 1 0 0 0 0 1 0 0 1 1
0 0 0 1 1 0 1 0 0 0 1 0 0 0 0 0 0 0 0 0 0 0 0 0 0 1 0 0 1 0 0 0 0 0 0 0 1 0 1 0 1 1 0 1 1 1 0 1 1 0 0 1 1 0 0 1 0 0 1 1
1 1 0 1 0 0 0 1 0 0 0 1 0 0 0 0 1 1 0 1 1 1 0 0 0 0 0 0 0 0 1 0 0 0 0 0 0 1 0 0 0 1 1 0 0 0 0 0 0 0 0 0 1 1 0 1 1 1 1 1
0 1 0 0 1 0 0 0 1 1 0 1 0 1 0 0 0 1 1 1 0 1 0 0 0 0 0 0 1 0 1 0 0 0 1 1 0 0 0 0 0 0 1 1 0 0 0 0 0 1 0 0 0 0 0 1 1 1 1 0
0 1 0 0 0 0 0 0 0 1 0 1 1 0 0 1 0 1 0 0 1 0 0 1 1 0 0 1 0 0 1 0 0 1 0 0 0 0 0 1 0 1 0 1 0 0 0 1 1 0 0 1 0 0 1 0 1 1 0 0
0 0 0 1 0 0 0 0 1 0 0 0 1 0 0 1 0 1 0 0 0 1 0 1 0 0 1 0 1 0 0 0 0 1 0 0 1 1 0 1 0 1 0 1 0 0 0 0 1 1 0 1 0 1 0 0 0 1 0 1
1 0 1 0 0 1 0 0 1 0 0 0 0 1 1 0 0 0 0 1 0 0 1 0 0 1 0 0 0 0 0 1 0 0 0 1 0 0 0 0 1 1 0 1 0 1 1 0 0 0 1 0 0 1 0 0 1 0 1 1
0 0 1 0 0 1 1 0 0 0 1 1 0 0 0 0 0 0 0 0 0 1 0 0 1 1 0 1 0 1 1 0 1 0 0 1 0 0 1 0 0 0 1 0 0 0 0 0 1 0 1 1 0 1 0 0 1 0 1 0
0 0 0 0 0 0 1 0 0 1 0 1 0 0 1 0 0 0 0 1 1 1 1 0 0 0 1 1 0 0 0 1 0 0 0 0 0 1 0 0 0 1 1 1 0 0 0 1 0 1 0 0 0 0 1 0 1 0 1 1
0 0 1 0 0 0 1 0 0 1 0 0 0 1 0 0 0 1 1 0 0 0 0 0 0 0 0 1 0 0 0 0 0 0 1 1 0 0 0 0 1 0 1 0 0 1 0 0 0 1 1 1 1 1 0 1 1 1 1 1
0 0 0 1 1 0 1 0 0 0 0 0 1 0 0 0 1 0 1 0 0 0 0 0 1 0 1 0 0 1 1 1 0 0 0 0 1 0 0 1 0 1 0 0 1 0 1 1 1 0 0 0 0 1 1 0 0 1 0 1
1 0 0 0 0 0 0 1 0 1 0 0 0 0 0 0 0 0 1 1 0 1 0 0 0 0 0 1 0 1 0 1 1 0 1 1 1 0 1 0 1 0 0 0 0 0 1 0 0 0 1 0 0 1 1 1 0 1 0 1
0 0 0 0 0 1 1 0 0 0 1 1 0 0 0 1 1 1 0 0 0 0 0 0 0 1 0 1 1 1 0 0 1 1 0 0 0 1 1 1 0 0 0 0 1 1 0 1 0 0 0 0 0 1 0 0 1 0 0 1
0 0 1 0 1 0 0 0 0 0 0 0 0 1 0 1 0 0 0 1 1 0 1 1 0 0 1 0 0 1 0 1 0 1 1 1 1 0 1 0 0 0 0 0 1 0 1 1 1 0 0 0 0 1 0 0 1 0 0 0
0 0 0 0 0 0 0 1 0 0 0 0 0 0 0 1 1 1 1 0 0 0 1 1 1 1 0 1 1 0 0 1 0 0 0 0 0 0 0 0 1 0 1 1 0 1 0 1 1 0 0 0 1 0 0 1 1 0 1 0
0 1 0 1 0 0 1 0 1 0 1 0 0 0 1 1 0 0 0 1 0 0 0 0 0 0 1 0 1 0 1 1 0 0 0 0 1 0 0 1 0 0 1 0 1 0 0 0 0 1 1 1 1 0 0 0 0 0 1 1
0 0 0 1 0 0 0 1 0 0 1 0 0 0 1 0 1 1 0 1 1 0 1 1 0 0 0 0 1 0 0 0 0 0 0 0 1 0 0 0 1 1 0 1 0 0 0 1 1 0 1 1 0 0 1 1 0 1 0 1
0 0 0 0 0 1 0 0 1 1 0 0 0 1 1 1 0 1 1 0 0 0 0 1 0 0 0 0 1 0 0 1 0 0 1 0 0 0 1 0 1 0 1 1 1 0 1 0 1 0 1 1 1 0 0 0 0 1 0 0
1 0 0 1 1 0 0 0 0 0 0 0 0 0 1 0 1 0 0 1 0 0 0 1 0 0 0 1 0 1 1 1 0 0 1 1 0 1 0 0 1 0 0 1 1 0 1 1 0 1 0 1 1 1 0 0 0 0 0 0
0 0 0 0 1 1 0 0 0 1 0 1 1 0 1 0 1 0 1 0 1 1 0 1 0 1 1 0 0 0 1 0 0 1 0 1 0 0 1 1 0 0 0 0 0 1 0 0 1 0 1 1 0 0 0 0 0 0 1 0
1 1 1 0 0 0 0 0 0 0 0 0 0 0 0 0 1 0 1 0 0 0 0 1 1 1 1 1 0 0 1 0 0 0 0 0 1 1 0 1 0 1 0 0 0 1 1 1 0 1 0 0 1 0 1 1 1 1 0 0
0 0 0 0 0 1 0 1 0 0 1 0 1 1 0 0 1 0 1 0 1 0 0 0 0 0 0 0 1 0 0 1 0 0 1 1 0 1 0 1 0 0 0 0 0 1 1 1 1 1 0 0 1 1 0 1 0 1 1 0
1 0 1 0 0 0 0 0 1 0 0 1 0 1 0 0 0 1 0 1 1 1 0 0 0 0 0 0 1 1 0 1 1 0 0 0 0 0 0 1 0 0 0 0 1 1 0 1 1 0 1 1 0 0 0 1 1 1 1 1
1 1 0 0 1 1 0 1 0 1 0 0 1 1 1 1 0 0 0 0 1 0 0 0 1 0 0 0 0 0 0 0 1 0 0 1 1 1 0 1 1 1 1 1 0 0 0 0 1 0 0 1 0 0 0 1 0 1 0 0
0 0 1 0 0 1 0 1 0 0 0 1 1 1 1 1 1 1 0 1 0 1 1 0 1 1 0 0 1 0 0 0 0 0 1 0 0 0 1 0 1 1 0 0 0 0 1 0 0 0 1 0 0 0 0 0 1 0 1 1
0 0 0 0 0 0 1 0 0 1 1 0 1 1 1 0 0 0 0 0 0 1 0 0 0 1 1 1 0 0 1 1 1 1 0 0 0 0 0 1 0 1 0 0 1 0 1 0 0 0 1 1 1 1 0 0 1 1 1 1
1 0 0 0 1 1 1 0 0 0 0 1 0 1 0 1 1 1 0 1 0 0 0 1 0 0 0 0 0 1 0 0 1 1 1 0 1 1 1 1 0 0 1 1 1 0 0 0 0 0 1 0 1 0 1 1 0 0 0 0
0 0 0 0 1 0 0 0 0 1 1 1 1 0 0 1 1 1 1 0 0 0 1 0 0 0 1 1 1 0 0 0 1 1 1 1 0 0 0 1 1 1 0 0 0 0 1 1 0 0 1 1 1 1 0 1 0 0 0 0
0 0 0 0 0 0 0 0 0 0 1 1 1 0 0 0 1 1 0 1 1 1 0 1 1 0 0 0 1 1 1 1 1 1 0 0 1 1 1 1 0 0 0 0 1 1 0 0 0 1 0 1 1 0 1 1 0 0 0 1
1 1 0 0 0 0 0 0 1 0 1 0 0 1 1 0 0 0 1 0 0 1 0 0 1 1 1 1 0 0 1 1 1 0 0 1 1 0 1 1 1 1 1 0 0 1 1 0 0 0 0 0 1 0 1 1 0 0 1 0
Graph 19, order 60.
0 0 0 0 1 0 0 1 0 0 0 0 0 1 0 0 0 1 0 0 0 0 0 0 1 0 0 0 0 0 0 0 0 1 0 1 0 0 0 0 0 0 1 0 0 0 0 0 1 1 1 1 0 0 0 0 0 0 0 0
0 0 0 0 1 0 0 0 0 1 0 0 0 0 0 0 0 0 0 0 1 1 0 0 0 0 0 0 1 0 0 1 1 0 0 0 1 0 0 0 0 0 0 0 0 0 0 1 0 0 0 0 1 1 0 0 0 0 1 0
0 0 0 0 1 0 1 0 1 0 0 1 0 1 0 0 0 0 0 0 1 1 0 0 1 0 0 0 0 0 0 0 0 0 0 0 0 1 1 0 0 0 0 0 0 0 0 0 1 1 1 0 0 0 0 0 0 0 0 0
0 0 0 0 0 0 0 0 0 0 0 1 1 0 0 1 0 0 0 1 0 1 0 0 0 0 0 0 0 1 1 0 0 0 1 0 0 0 0 1 0 0 0 0 1 0 0 0 0 1 0 0 1 0 1 0 0 0 0 1
1 1 1 0 0 1 0 0 0 0 0 1 0 0 0 0 0 0 0 0 1 0 0 0 0 0 0 0 0 1 0 0 0 0 0 0 1 0 1 0 0 0 0 1 0 0 1 1 1 0 0 0 0 0 0 1 0 0 0 1
0 0 0 0 1 0 0 0 0 0 0 0 1 0 0 0 0 0 1 0 0 0 0 0 0 1 1 0 0 0 0 1 0 0 0 0 1 0 0 0 1 0 1 1 1 1 0 0 0 0 0 0 1 0 0 1 0 0 1 0
0 0 1 0 0 0 0 0 0 0 0 0 0 0 0 0 0 1 0 0 0 0 1 1 1 0 1 0 0 1 1 0 0 0 0 0 1 0 0 0 1 1 0 0 0 0 0 1 0 0 0 1 0 0 1 1 0 0 0 0
1 0 0 0 0 0 0 0 0 0 0 0 0 0 0 1 0 0 1 1 0 0 1 0 0 0 0 1 1 0 0 0 0 0 0 0 0 0 0 0 0 1 0 1 1 0 0 1 0 0 0 0 1 0 1 1 0 1 0 0
0 0 1 0 0 0 0 0 0 0 0 0 0 0 0 0 1 0 0 0 1 0 0 0 0 0 0 0 0 0 0 1 0 0 1 1 0 1 0 0 0 1 0 0 1 0 1 1 0 1 1 0 1 0 0 0 1 0 1 0
0 1 0 0 0 0 0 0 0 0 1 0 0 0 0 0 0 0 1 1 0 0 0 1 0 0 0 1 1 0 0 0 0 0 1 0 0 0 0 0 1 1 1 1 0 0 0 0 0 0 0 0 0 1 1 0 0 1 1 0
0 0 0 0 0 0 0 0 0 1 0 0 0 1 0 0 0 0 0 1 1 0 1 0 1 1 0 0 0 1 1 0 0 0 0 0 1 0 0 0 1 0 0 1 0 1 0 0 0 1 0 0 1 0 1 0 0 0 0 1
0 0 1 1 1 0 0 0 0 0 0 0 0 0 0 1 0 0 0 0 0 1 0 1 1 1 0 0 0 1 0 0 0 0 1 0 0 0 1 0 0 1 0 0 0 1 0 0 0 0 0 0 1 0 0 1 0 1 0 1
0 0 0 1 0 1 0 0 0 0 0 0 0 0 0 0 1 1 0 1 0 1 0 0 0 0 0 0 0 0 1 0 0 1 0 0 1 0 0 1 0 0 1 1 1 0 1 1 0 0 1 0 0 1 0 0 0 0 0 0
1 0 1 0 0 0 0 0 0 0 1 0 0 0 1 0 0 0 0 0 1 0 1 0 0 0 0 1 1 1 1 1 0 0 0 0 1 0 0 0 0 0 1 0 0 0 0 1 0 0 1 0 0 1 0 0 0 0 1 0
0 0 0 0 0 0 0 0 0 0 0 0 0 1 0 1 0 0 0 0 0 0 0 1 1 0 1 0 0 0 0 0 1 0 0 0 1 1 1 0 0 0 1 0 0 1 0 0 1 0 0 1 1 1 0 1 1 0 0 1
0 0 0 1 0 0 0 1 0 0 0 1 0 0 1 0 0 1 0 0 0 0 0 0 1 1 0 0 0 0 0 1 1 1 0 0 1 0 1 0 0 0 0 1 1 0 0 0 0 0 0 1 0 0 1 0 0 0 1 1
0 0 0 0 0 0 0 0 1 0 0 0 1 0 0 0 0 0 0 0 0 0 1 1 0 0 0 0 0 0 0 1 0 0 0 0 0 0 0 0 0 1 0 0 1 1 0 0 0 1 1 1 1 1 1 0 1 1 1 1
1 0 0 0 0 0 1 0 0 0 0 0 1 0 0 1 0 0 0 0 0 1 1 0 0 1 0 0 0 1 0 1 0 0 0 1 1 1 0 0 1 1 0 0 0 0 1 0 0 0 0 0 0 1 0 0 0 0 1 1
0 0 0 0 0 1 0 1 0 1 0 0 0 0 0 0 0 0 0 0 1 1 0 1 0 0 1 1 0 0 1 0 0 0 0 1 0 0 1 1 0 0 0 1 1 1 0 0 0 1 0 0 0 1 0 0 0 0 1 0
0 0 0 1 0 0 0 1 0 1 1 0 1 0 0 0 0 0 0 0 0 1 0 1 0 0 0 0 0 0 0 1 1 0 0 1 0 1 0 0 0 1 0 0 1 0 1 1 0 1 0 1 1 0 0 0 0 0 0 0
0 1 1 0 1 0 0 0 1 0 1 0 0 1 0 0 0 0 1 0 0 0 0 1 0 0 0 1 0 0 0 0 1 1 1 0 0 1 0 1 1 0 1 0 0 1 0 0 0 0 0 0 0 0 1 0 0 0 0 0
0 1 1 1 0 0 0 0 0 0 0 1 1 0 0 0 0 1 1 1 0 0 0 0 0 0 1 1 0 0 0 0 1 1 0 0 0 0 0 0 0 0 0 0 1 0 1 0 0 1 1 0 0 0 1 0 0 1 0 0
0 0 0 0 0 0 1 1 0 0 1 0 0 1 0 0 1 1 0 0 0 0 0 0 0 1 0 0 0 0 1 0 0 0 0 1 0 0 0 0 1 0 1 1 0 0 0 1 1 0 1 0 0 1 0 1 1 0 1 0
0 0 0 0 0 0 1 0 0 1 0 1 0 0 1 0 1 0 1 1 1 0 0 0 0 0 0 0 0 0 0 0 0 0 0 0 1 0 0 1 0 0 1 0 0 1 1 0 1 0 1 0 0 0 1 1 1 0 1 0
1 0 1 0 0 0 1 0 0 0 1 1 0 0 1 1 0 0 0 0 0 0 0 0 0 1 0 0 0 0 0 0 0 0 1 0 1 0 1 1 0 0 0 0 1 0 1 0 1 0 0 1 0 0 1 0 1 1 0 0
0 0 0 0 0 1 0 0 0 0 1 1 0 0 0 1 0 1 0 0 0 0 1 0 1 0 1 1 0 0 1 1 0 0 0 1 0 1 1 0 0 0 0 0 0 0 1 0 1 1 0 0 0 1 0 0 0 1 0 1
0 0 0 0 0 1 1 0 0 0 0 0 0 0 1 0 0 0 1 0 0 1 0 0 0 1 0 0 0 0 0 0 1 1 0 0 0 1 0 1 1 0 1 0 1 0 0 0 1 1 1 1 1 0 0 0 0 1 1 0
0 0 0 0 0 0 0 1 0 1 0 0 0 1 0 0 0 0 1 0 1 1 0 0 0 1 0 0 0 0 0 0 1 1 0 1 0 0 0 1 1 0 0 1 0 0 1 1 0 0 0 1 0 1 1 0 1 0 1 0
0 1 0 0 0 0 0 1 0 1 0 0 0 1 0 0 0 0 0 0 0 0 0 0 0 0 0 0 0 1 0 0 1 0 1 0 0 1 0 1 1 1 0 1 0 1 1 1 1 0 0 1 1 0 0 0 0 1 1 0
0 0 0 1 1 0 1 0 0 0 1 1 0 1 0 0 0 1 0 0 0 0 0 0 0 0 0 0 1 0 0 0 0 0 0 1 1 1 0 0 1 1 0 1 0 1 0 1 1 0 0 1 0 1 0 0 0 0 1 1
0 0 0 1 0 0 1 0 0 0 1 0 1 1 0 0 0 0 1 0 0 0 1 0 0 1 0 0 0 0 0 0 0 0 1 1 0 0 0 0 1 0 0 0 0 1 1 1 1 0 1 1 0 0 1 1 1 0 0 1
0 1 0 0 0 1 0 0 1 0 0 0 0 1 0 1 1 1 0 1 0 0 0 0 0 1 0 0 0 0 0 0 0 1 0 0 0 1 1 1 0 0 1 0 0 0 0 0 1 0 0 0 1 1 0 1 1 1 0 1
0 1 0 0 0 0 0 0 0 0 0 0 0 0 1 1 0 0 0 1 1 1 0 0 0 0 1 1 1 0 0 0 0 0 1 0 0 1 1 1 0 0 0 0 1 1 0 0 1 0 0 0 1 1 1 0 0 1 0 1
1 0 0 0 0 0 0 0 0 0 0 0 1 0 0 1 0 0 0 0 1 1 0 0 0 0 1 1 0 0 0 1 0 0 1 1 0 1 0 0 1 0 0 0 1 1 1 1 1 0 1 1 0 0 0 0 1 0 0 1
0 0 0 1 0 0 0 0 1 1 0 1 0 0 0 0 0 0 0 0 1 0 0 0 1 0 0 0 1 0 1 0 1 1 0 0 0 0 1 1 0 1 1 1 0 1 0 0 0 1 1 1 1 1 0 0 0 0 0 0
1 0 0 0 0 0 0 0 1 0 0 0 0 0 0 0 0 1 1 1 0 0 1 0 0 1 0 1 0 1 1 0 0 1 0 0 0 0 0 0 1 0 1 1 1 0 0 0 0 1 0 0 1 1 1 1 0 0 1 0
0 1 0 0 1 1 1 0 0 0 1 0 1 1 1 1 0 1 0 0 0 0 0 1 1 0 0 0 0 1 0 0 0 0 0 0 0 0 0 0 0 1 0 1 0 0 0 0 0 0 1 0 0 0 1 1 1 1 1 0
0 0 1 0 0 0 0 0 1 0 0 0 0 0 1 0 0 1 0 1 1 0 0 0 0 1 1 0 1 1 0 1 1 1 0 0 0 0 1 0 0 1 1 1 0 0 0 0 0 1 0 1 0 0 0 1 1 0 0 1
0 0 1 0 1 0 0 0 0 0 0 1 0 0 1 1 0 0 1 0 0 0 0 0 1 1 0 0 0 0 0 1 1 0 1 0 0 1 0 0 0 0 1 0 1 0 1 0 0 1 0 0 1 1 1 1 0 1 0 1
0 0 0 1 0 0 0 0 0 0 0 0 1 0 0 0 0 0 1 0 1 0 0 1 1 0 1 1 1 0 0 1 1 0 1 0 0 0 0 0 0 1 1 0 0 0 0 1 0 1 1 0 0 0 1 1 1 1 0 1
0 0 0 0 0 1 1 0 0 1 1 0 0 0 0 0 0 1 0 0 1 0 1 0 0 0 1 1 1 1 1 0 0 1 0 1 0 0 0 0 0 1 1 0 0 0 1 0 1 0 1 1 0 0 0 0 0 1 0 1
0 0 0 0 0 0 1 1 1 1 0 1 0 0 0 0 1 1 0 1 0 0 0 0 0 0 0 0 1 1 0 0 0 0 1 0 1 1 0 1 1 0 1 0 1 0 1 0 0 0 0 0 0 1 1 1 1 0 0 0
1 0 0 0 0 1 0 0 0 1 0 0 1 1 1 0 0 0 0 0 1 0 1 1 0 0 1 0 0 0 0 1 0 0 1 1 0 1 1 1 1 1 0 1 0 0 0 0 0 0 0 0 0 0 1 1 0 0 1 0
0 0 0 0 1 1 0 1 0 1 1 0 1 0 0 1 0 0 1 0 0 0 1 0 0 0 0 1 1 1 0 0 0 0 1 1 1 1 0 0 0 0 1 0 0 0 0 1 0 1 0 0 0 0 1 0 1 1 0 1
0 0 0 1 0 1 0 1 1 0 0 0 1 0 0 1 1 0 1 1 0 1 0 0 1 0 1 0 0 0 0 0 1 1 0 1 0 0 1 0 0 1 0 0 0 0 0 0 0 0 1 0 1 1 0 1 0 1 0 1
0 0 0 0 0 1 0 0 0 0 1 1 0 0 1 0 1 0 1 0 1 0 0 1 0 0 0 0 1 1 1 0 1 1 1 0 0 0 0 0 0 0 0 0 0 0 0 0 1 1 0 1 1 0 0 1 1 1 1 1
0 0 0 0 1 0 0 0 1 0 0 0 1 0 0 0 0 1 0 1 0 1 0 1 1 1 0 1 1 0 1 0 0 1 0 0 0 0 1 0 1 1 0 0 0 0 0 0 0 1 1 1 1 0 0 1 0 0 1 1
0 1 0 0 1 0 1 1 1 0 0 0 1 1 0 0 0 0 0 1 0 0 1 0 0 0 0 1 1 1 1 0 0 1 0 0 0 0 0 1 0 0 0 1 0 0 0 0 0 0 0 1 0 0 1 1 1 1 1 1
1 0 1 0 1 0 0 0 0 0 0 0 0 0 1 0 0 0 0 0 0 0 1 1 1 1 1 0 1 1 1 1 1 1 0 0 0 0 0 0 1 0 0 0 0 1 0 0 0 1 0 0 0 1 0 0 1 1 1 1
1 0 1 1 0 0 0 0 1 0 1 0 0 0 0 0 1 0 1 1 0 1 0 0 0 1 1 0 0 0 0 0 0 0 1 1 0 1 1 1 0 0 0 1 0 1 1 0 1 0 0 1 0 1 0 0 0 1 0 0
1 0 1 0 0 0 0 0 1 0 0 0 1 1 0 0 1 0 0 0 0 1 1 1 0 0 1 0 0 0 1 0 0 1 1 0 1 0 0 1 1 0 0 0 1 0 1 0 0 0 0 1 0 0 0 1 1 1 1 0
1 0 0 0 0 0 1 0 0 0 0 0 0 0 1 1 1 0 0 1 0 0 0 0 1 0 1 1 1 1 1 0 0 1 1 0 0 1 0 0 1 0 0 0 0 1 1 1 0 1 1 0 1 0 0 0 0 0 1 0
0 1 0 1 0 1 0 1 1 0 1 1 0 0 1 0 1 0 0 1 0 0 0 0 0 0 1 0 1 0 0 1 1 0 1 1 0 0 1 0 0 0 0 0 1 1 1 0 0 0 0 1 0 0 0 1 1 0 0 1
0 1 0 0 0 0 0 0 0 1 0 0 1 1 1 0 1 1 1 0 0 0 1 0 0 1 0 1 0 1 0 1 1 0 1 1 0 0 1 0 0 1 0 0 1 0 0 0 1 1 0 0 0 0 0 0 1 1 0 1
0 0 0 1 0 0 1 1 0 1 1 0 0 0 0 1 1 0 0 0 1 1 0 1 1 0 0 1 0 0 1 0 1 0 0 1 1 0 1 1 0 1 1 1 0 0 0 1 0 0 0 0 0 0 0 0 1 1 0 0
0 0 0 0 1 1 1 1 0 0 0 1 0 0 1 0 0 0 0 0 0 0 1 1 0 0 0 0 0 0 1 1 0 0 0 1 1 1 1 1 0 1 1 0 1 1 1 1 0 0 1 0 1 0 0 0 1 0 0 0
0 0 0 0 0 0 0 0 1 0 0 0 0 0 1 0 1 0 0 0 0 0 1 1 1 0 0 1 0 0 1 1 0 1 0 0 1 1 0 1 0 1 0 1 0 1 0 1 1 0 1 0 1 1 1 1 0 0 1 1
0 0 0 0 0 0 0 1 0 1 0 1 0 0 0 0 1 0 0 0 0 1 0 0 1 1 1 0 1 0 0 1 1 0 0 0 1 0 1 1 1 0 0 1 1 1 0 1 1 1 1 0 0 1 1 0 0 0 0 1
0 1 0 0 0 1 0 0 1 1 0 0 0 1 0 1 1 1 1 0 0 0 1 1 0 0 1 1 1 1 0 0 0 0 0 1 1 0 0 0 0 0 1 0 0 1 1 1 1 0 1 1 0 0 0 0 1 0 0 1
0 0 0 1 1 0 0 0 0 0 1 1 0 0 1 1 1 1 0 0 0 0 0 0 0 1 0 0 0 1 1 1 1 1 0 0 0 1 1 1 1 0 0 1 1 1 1 1 1 0 0 0 1 1 0 0 1 1 1 0
Graph 20, order 60.
0 0 0 0 1 1 0 0 0 0 0 0 0 0 0 0 0 0 0 0 0 1 0 1 0 0 0 1 0 0 0 0 0 0 0 0 0 0 0 0 0 0 1 0 0 1 0 0 0 0 0 1 0 0 0 0 0 0 1 1
0 0 0 0 0 0 1 1 0 0 0 0 0 0 0 0 1 0 0 1 0 0 0 1 0 0 0 0 0 0 0 0 1 0 1 0 0 0 0 1 0 0 0 0 0 1 0 0 1 1 0 0 0 0 1 0 0 1 0 0
0 0 0 0 0 0 0 0 0 0 1 0 0 0 1 0 0 0 1 0 1 0 0 0 0 0 0 0 0 0 1 1 1 0 0 0 0 0 1 0 0 1 0 0 0 1 0 1 0 1 0 1 0 0 0 0 0 1 0 0
0 0 0 0 1 1 1 0 0 0 0 0 0 0 1 1 0 0 0 0 0 0 1 0 1 1 0 0 0 0 0 0 0 0 1 0 0 0 0 0 1 1 1 0 0 0 0 0 0 1 1 0 0 0 0 1 0 0 0 0
1 0 0 1 0 0 0 0 0 0 0 0 0 0 1 1 0 1 0 0 0 0 1 0 1 1 0 0 0 1 0 0 0 0 0 1 1 0 0 0 1 0 1 1 0 0 0 0 1 0 0 0 0 0 0 0 0 0 1 0
1 0 0 1 0 0 0 0 0 0 0 1 0 0 0 0 1 0 1 1 0 0 0 0 0 0 0 0 0 1 0 1 1 0 0 1 0 0 0 1 0 0 0 1 0 1 0 0 0 1 0 0 0 0 0 1 0 1 0 0
0 1 0 1 0 0 0 1 1 0 1 1 0 1 0 0 1 0 1 0 1 0 0 0 0 0 0 0 0 0 0 1 0 0 0 0 0 0 1 0 1 0 0 0 0 0 0 1 0 0 0 1 0 0 0 0 1 0 0 0
0 1 0 0 0 0 1 0 0 1 0 0 0 0 1 0 0 1 0 0 0 0 0 0 0 1 0 0 0 0 1 0 1 1 0 0 0 0 1 0 0 1 0 0 1 1 0 0 1 0 0 0 0 0 1 1 0 0 0 0
0 0 0 0 0 0 1 0 0 1 1 0 0 0 0 0 0 0 0 0 0 0 0 1 1 0 0 0 1 0 0 0 0 1 0 0 1 1 1 1 0 0 0 0 0 0 1 0 0 1 0 0 1 1 0 0 1 1 0 0
0 0 0 0 0 0 0 1 1 0 0 0 0 0 0 1 0 0 0 0 0 1 1 0 0 0 1 1 1 0 0 0 0 0 1 0 0 1 0 0 0 0 0 0 1 0 0 1 1 1 0 0 0 0 1 1 0 0 1 0
0 0 1 0 0 0 1 0 1 0 0 0 0 1 0 0 1 0 0 0 0 0 0 0 0 1 0 0 1 0 0 0 0 1 1 0 0 1 0 1 1 0 0 1 1 0 0 0 1 0 0 0 0 1 1 0 0 0 0 0
0 0 0 0 0 1 1 0 0 0 0 0 0 1 0 1 0 0 0 0 0 1 1 0 1 0 0 0 1 0 0 0 1 0 0 1 0 0 0 0 0 1 0 0 0 0 1 0 0 0 0 0 0 1 1 0 1 1 1 0
0 0 0 0 0 0 0 0 0 0 0 0 0 0 0 0 0 0 0 0 1 0 0 0 1 1 0 1 0 0 0 1 0 1 1 0 0 0 0 1 0 1 0 0 1 1 0 0 1 0 0 1 1 0 0 0 1 0 1 1
0 0 0 0 0 0 1 0 0 0 1 1 0 0 0 1 1 0 0 0 0 0 0 0 0 1 0 0 1 0 1 0 0 0 0 0 1 0 0 1 0 0 1 0 1 0 0 0 0 1 0 0 1 0 0 1 0 0 1 1
0 0 1 1 1 0 0 1 0 0 0 0 0 0 0 1 0 0 0 0 0 0 0 0 0 1 1 0 1 0 1 0 1 1 0 0 0 0 0 0 1 1 1 0 0 0 0 1 1 0 0 0 0 0 0 0 0 0 1 1
0 0 0 1 1 0 0 0 0 1 0 1 0 1 1 0 0 0 1 0 0 0 0 0 0 1 0 1 0 0 1 1 1 1 1 1 0 0 0 0 0 0 0 1 0 0 0 0 0 1 0 0 0 0 0 0 0 0 0 1
0 1 0 0 0 1 1 0 0 0 1 0 0 1 0 0 0 1 0 1 0 0 1 1 0 0 0 0 0 0 1 1 0 0 0 0 0 0 0 0 0 0 0 1 0 0 0 1 1 0 1 1 0 0 1 0 0 1 0 0
0 0 0 0 1 0 0 1 0 0 0 0 0 0 0 0 1 0 0 0 0 1 0 0 1 0 0 0 0 0 0 0 0 0 1 0 0 1 1 1 0 0 0 0 1 1 0 0 1 1 0 0 0 1 1 1 1 0 1 0
0 0 1 0 0 1 1 0 0 0 0 0 0 0 0 1 0 0 0 0 0 0 0 0 0 0 0 0 0 0 0 0 0 0 1 0 1 0 0 1 0 1 0 1 1 1 1 1 0 0 1 1 0 0 1 0 1 0 0 1
0 1 0 0 0 1 0 0 0 0 0 0 0 0 0 0 1 0 0 0 0 0 1 0 0 0 1 1 0 1 0 0 1 1 0 1 1 0 0 0 1 0 1 1 0 0 0 0 0 0 0 0 1 0 1 1 0 0 1 0
0 0 1 0 0 0 1 0 0 0 0 0 1 0 0 0 0 0 0 0 0 1 1 0 0 1 1 1 0 0 0 0 0 0 0 0 1 0 0 0 1 1 1 0 1 0 0 0 0 0 1 0 0 0 0 1 0 1 1 1
1 0 0 0 0 0 0 0 0 1 0 1 0 0 0 0 0 1 0 0 1 0 0 0 1 0 0 0 0 0 0 0 0 1 1 0 1 0 1 1 0 0 0 0 1 0 0 0 0 1 1 1 1 0 0 0 1 0 1 0
0 0 0 1 1 0 0 0 0 1 0 1 0 0 0 0 1 0 0 1 1 0 0 1 1 0 0 0 0 1 0 0 1 0 0 0 0 1 1 0 0 1 1 0 0 0 0 1 0 0 0 1 1 1 0 0 0 0 0 0
1 1 0 0 0 0 0 0 1 0 0 0 0 0 0 0 1 0 0 0 0 0 1 0 1 0 1 0 0 0 0 0 0 0 0 1 0 0 0 0 1 0 0 1 1 1 0 0 0 1 0 1 1 1 0 1 1 1 0 0
0 0 0 1 1 0 0 0 1 0 0 1 1 0 0 0 0 1 0 0 0 1 1 1 0 0 0 0 1 0 0 1 0 1 0 0 0 0 1 1 0 1 0 0 0 0 0 1 0 0 1 1 0 0 0 0 0 1 0 1
0 0 0 1 1 0 0 1 0 0 1 0 1 1 1 1 0 0 0 0 1 0 0 0 0 0 1 0 0 1 0 0 1 0 0 0 1 1 1 0 0 1 0 1 0 0 0 1 0 0 0 0 0 1 0 0 0 1 0 0
0 0 0 0 0 0 0 0 0 1 0 0 0 0 1 0 0 0 0 1 1 0 0 1 0 1 0 1 1 1 1 0 0 1 0 0 0 0 0 1 0 1 1 1 0 0 1 0 1 0 0 0 1 1 0 0 1 0 0 0
1 0 0 0 0 0 0 0 0 1 0 0 1 0 0 1 0 0 0 1 1 0 0 0 0 0 1 0 1 0 1 0 0 0 1 1 0 0 0 0 0 0 0 0 1 0 0 0 1 1 0 1 0 0 1 1 1 0 1 1
0 0 0 0 0 0 0 0 1 1 1 1 0 1 1 0 0 0 0 0 0 0 0 0 1 0 1 1 0 0 0 0 0 1 0 0 0 0 0 0 1 0 0 1 0 0 1 0 0 0 0 1 0 1 1 1 0 1 1 1
0 0 0 0 1 1 0 0 0 0 0 0 0 0 0 0 0 0 0 1 0 0 1 0 0 1 1 0 0 0 0 1 0 1 1 1 0 0 1 0 0 0 0 0 1 0 1 0 0 0 1 0 1 1 1 0 1 1 1 0
0 0 1 0 0 0 0 1 0 0 0 0 0 1 1 1 1 0 0 0 0 0 0 0 0 0 1 1 0 0 0 0 1 0 0 0 0 1 0 0 1 1 1 1 0 0 0 0 1 0 1 0 0 1 0 1 0 0 1 1
0 0 1 0 0 1 1 0 0 0 0 0 1 0 0 1 1 0 0 0 0 0 0 0 1 0 0 0 0 1 0 0 0 1 0 1 1 1 0 1 0 1 0 0 0 1 0 0 0 0 1 1 1 0 0 0 0 1 0 1
0 1 1 0 0 1 0 1 0 0 0 1 0 0 1 1 0 0 0 1 0 0 1 0 0 1 0 0 0 0 1 0 0 0 0 1 0 0 0 1 0 0 1 0 0 0 1 1 0 0 0 0 1 0 0 1 1 0 1 0
0 0 0 0 0 0 0 1 1 0 1 0 1 0 1 1 0 0 0 1 0 1 0 0 1 0 1 0 1 1 0 1 0 0 0 0 1 1 0 0 0 0 0 0 0 0 1 0 0 1 1 1 1 0 0 0 0 0 0 0
0 1 0 1 0 0 0 0 0 1 1 0 1 0 0 1 0 1 1 0 0 1 0 0 0 0 0 1 0 1 0 0 0 0 0 1 0 0 0 0 1 0 0 0 1 0 1 1 1 0 0 0 1 1 1 0 0 0 1 0
0 0 0 0 1 1 0 0 0 0 0 1 0 0 0 1 0 0 0 1 0 0 0 1 0 0 0 1 0 1 0 1 1 0 1 0 0 0 1 1 0 0 1 1 0 1 0 0 0 0 0 0 1 0 1 0 1 0 1 1
0 0 0 0 1 0 0 0 1 0 0 0 0 1 0 0 0 0 1 1 1 1 0 0 0 1 0 0 0 0 0 1 0 1 0 0 0 0 0 0 0 1 1 0 0 1 0 0 1 1 1 1 0 1 1 1 0 0 0 1
0 0 0 0 0 0 0 0 1 1 1 0 0 0 0 0 0 1 0 0 0 0 1 0 0 1 0 0 0 0 1 1 0 1 0 0 0 0 1 0 0 0 1 0 1 0 1 1 0 1 1 0 0 0 1 0 1 1 1 1
0 0 1 0 0 0 1 1 1 0 0 0 0 0 0 0 0 1 0 0 0 1 1 0 1 1 0 0 0 1 0 0 0 0 0 1 0 1 0 0 1 0 0 1 1 0 1 0 0 1 1 0 0 1 1 1 0 0 0 0
0 1 0 0 0 1 0 0 1 0 1 0 1 1 0 0 0 1 1 0 0 1 0 0 1 0 1 0 0 0 0 1 1 0 0 1 0 0 0 0 0 1 0 0 0 1 0 0 0 0 1 0 1 0 0 1 1 1 0 0
0 0 0 1 1 0 1 0 0 0 1 0 0 0 1 0 0 0 0 1 1 0 0 1 0 0 0 0 1 0 1 0 0 0 1 0 0 0 1 0 0 1 0 0 0 0 1 1 1 0 1 0 1 1 0 0 1 1 0 1
0 0 1 1 0 0 0 1 0 0 0 1 1 0 1 0 0 0 1 0 1 0 1 0 1 1 1 0 0 0 1 1 0 0 0 0 1 0 0 1 1 0 0 1 0 0 0 1 0 0 0 0 0 0 1 0 0 1 0 1
1 0 0 1 1 0 0 0 0 0 0 0 0 1 1 0 0 0 0 1 1 0 1 0 0 0 1 0 0 0 1 0 1 0 0 1 1 1 0 0 0 0 0 1 0 1 0 1 0 0 1 1 0 1 0 0 1 1 0 0
0 0 0 0 1 1 0 0 0 0 1 0 0 0 0 1 1 0 1 1 0 0 0 1 0 1 1 0 1 0 1 0 0 0 0 1 0 0 1 0 0 1 1 0 0 0 1 0 0 0 1 0 1 0 1 1 0 0 1 0
0 0 0 0 0 0 0 1 0 1 1 0 1 1 0 0 0 1 1 0 1 1 0 1 0 0 0 1 0 1 0 0 0 0 1 0 0 1 1 0 0 0 0 0 0 1 0 0 0 1 0 1 1 1 0 0 1 0 0 1
1 1 1 0 0 1 0 1 0 0 0 0 1 0 0 0 0 1 1 0 0 0 0 1 0 0 0 0 0 0 0 1 0 0 0 1 1 0 0 1 0 0 1 0 1 0 1 1 0 1 0 1 1 0 0 1 1 0 0 0
0 0 0 0 0 0 0 0 1 0 0 1 0 0 0 0 0 0 1 0 0 0 0 0 0 0 1 0 1 1 0 0 1 1 1 0 0 1 1 0 1 0 0 1 0 1 0 1 0 1 1 0 1 0 1 0 1 1 0 1
0 0 1 0 0 0 1 0 0 1 0 0 0 0 1 0 1 0 1 0 0 0 1 0 1 1 0 0 0 0 0 0 1 0 1 0 0 1 0 0 1 1 1 0 0 1 1 0 0 0 1 0 0 0 1 1 0 1 0 1
0 1 0 0 1 0 0 1 0 1 1 0 1 0 1 0 1 1 0 0 0 0 0 0 0 0 1 1 0 0 1 0 0 0 1 0 1 0 0 0 1 0 0 0 0 0 0 0 0 1 0 1 0 1 0 1 1 1 1 0
0 1 1 1 0 1 0 0 1 1 0 0 0 1 0 1 0 1 0 0 0 1 0 1 0 0 0 1 0 0 0 0 0 1 0 0 1 1 1 0 0 0 0 0 1 1 1 0 1 0 1 1 1 1 0 0 0 0 0 0
0 0 0 1 0 0 0 0 0 0 0 0 0 0 0 0 1 0 1 0 1 1 0 0 1 0 0 0 0 1 1 1 0 1 0 0 1 1 1 1 1 0 1 1 0 0 1 1 0 1 0 0 0 1 1 0 1 0 0 1
1 0 1 0 0 0 1 0 0 0 0 0 1 0 0 0 1 0 1 0 0 1 1 1 1 0 0 1 1 0 0 1 0 1 0 0 1 0 0 0 0 0 1 0 1 1 0 0 1 1 0 0 0 0 1 0 1 1 1 0
0 0 0 0 0 0 0 0 1 0 0 0 1 1 0 0 0 0 0 1 0 1 1 1 0 0 1 0 0 1 0 1 1 1 1 1 0 0 0 1 1 0 0 1 1 1 1 0 0 1 0 0 0 1 1 1 0 0 0 0
0 0 0 0 0 0 0 0 1 0 1 1 0 0 0 0 0 1 0 0 0 0 1 1 0 1 1 0 1 1 1 0 0 0 1 0 1 0 1 0 1 0 1 0 1 0 0 0 1 1 1 0 1 0 0 0 1 1 1 1
0 1 0 0 0 0 0 1 0 1 1 1 0 0 0 0 1 1 1 1 0 0 0 0 0 0 0 1 1 1 0 0 0 0 1 1 1 1 1 0 0 1 0 1 0 0 1 1 0 0 1 1 1 0 0 1 0 0 0 0
0 0 0 1 0 1 0 1 0 1 0 0 0 1 0 0 0 1 0 1 1 0 0 1 0 0 0 1 1 0 1 0 1 0 0 0 1 0 1 1 0 0 0 1 0 1 0 1 1 0 0 0 1 0 1 0 1 1 1 1
0 0 0 0 0 0 1 0 1 0 0 1 1 0 0 0 0 1 1 0 0 1 0 1 0 0 1 1 0 1 0 0 1 0 0 1 0 1 0 1 1 0 1 0 1 1 1 0 1 0 1 1 0 1 0 1 0 0 0 1
0 1 1 0 0 1 0 0 1 0 0 1 0 0 0 0 1 0 0 0 1 0 0 1 1 1 0 0 1 1 0 1 0 0 0 0 0 1 0 1 1 1 1 0 0 0 1 1 1 0 0 1 0 1 0 1 0 0 1 1
1 0 0 0 1 0 0 0 0 1 0 1 1 1 1 0 0 1 0 1 1 1 0 0 0 0 0 1 1 1 1 0 1 0 1 1 0 1 0 0 0 0 0 1 0 0 0 0 1 0 0 1 0 1 0 1 0 1 0 1
1 0 0 0 0 0 0 0 0 0 0 0 1 1 1 1 0 0 1 0 1 0 0 0 1 0 0 1 1 0 1 1 0 0 0 1 1 1 0 0 1 1 0 0 1 0 1 1 0 0 1 0 0 1 0 1 1 1 1 0
Graph 21, order 60.
0 0 0 0 1 0 1 0 0 0 0 0 0 0 0 0 0 0 0 0 1 0 0 0 0 0 0 0 1 0 0 0 0 1 0 0 0 1 0 0 0 0 0 0 0 0 0 0 0 1 0 0 0 0 1 0 1 0 0 1
0 0 0 0 0 0 0 0 0 0 0 0 0 0 0 1 0 0 0 0 0 0 0 0 0 1 1 0 0 0 0 0 0 0 1 0 0 0 0 0 0 0 0 1 0 1 0 0 0 1 1 1 1 1 0 0 0 0 1 0
0 0 0 0 0 0 0 0 1 0 1 0 0 0 1 0 0 0 1 0 0 0 0 0 0 1 0 0 1 0 1 0 0 1 0 1 0 0 0 0 0 0 0 1 0 0 0 1 0 0 1 0 0 0 0 0 0 0 0 1
0 0 0 0 0 0 0 0 1 0 0 0 1 0 0 1 0 0 0 0 0 0 1 0 0 0 0 0 0 0 0 0 0 0 0 0 0 0 0 1 0 0 1 1 0 0 1 0 0 1 0 0 1 0 1 1 0 1 0 0
1 0 0 0 0 0 0 1 0 0 1 0 0 0 0 1 1 0 0 0 0 0 0 0 0 0 0 1 0 0 0 0 0 0 0 0 0 0 0 1 0 1 0 0 1 0 1 1 0 1 0 0 0 0 0 1 1 0 1 0
0 0 0 0 0 0 0 0 0 1 0 0 0 1 0 0 0 0 0 1 0 1 0 1 0 0 0 1 0 1 0 1 0 0 0 0 0 0 0 0 1 0 0 0 1 1 0 0 1 1 1 0 0 0 1 0 0 0 0 0
1 0 0 0 0 0 0 0 1 0 1 0 0 0 0 0 0 0 0 0 0 0 0 0 0 0 0 1 1 0 0 0 0 1 0 0 0 1 0 0 0 1 0 1 0 1 1 1 0 1 0 1 0 0 0 0 0 1 1 0
0 0 0 0 1 0 0 0 0 0 0 0 1 1 0 1 0 0 0 1 0 1 1 0 1 0 0 0 0 0 0 0 0 0 1 0 0 0 0 0 0 0 1 0 0 1 0 0 0 0 1 0 0 1 0 1 1 0 1 0
0 0 1 1 0 0 1 0 0 0 0 0 0 0 0 0 0 0 0 0 0 1 0 0 1 0 0 0 0 1 1 1 0 0 0 1 0 0 0 1 1 0 1 1 0 0 0 0 1 0 0 0 0 0 1 0 1 0 0 0
0 0 0 0 0 1 0 0 0 0 0 0 0 0 1 1 1 1 0 1 1 0 0 0 0 0 0 0 1 0 0 1 1 0 0 0 1 0 0 1 0 0 1 0 1 0 1 0 0 0 0 1 0 0 0 0 0 0 0 0
0 0 1 0 1 0 1 0 0 0 0 0 0 1 0 1 0 0 0 0 0 0 0 1 0 0 0 0 0 0 0 0 1 0 0 1 0 1 0 0 0 0 0 1 0 0 0 1 1 1 0 0 1 0 0 1 1 0 0 1
0 0 0 0 0 0 0 0 0 0 0 0 1 0 0 1 1 0 1 0 1 1 0 0 0 0 0 1 0 0 1 0 0 0 1 1 0 1 0 0 0 0 0 1 0 1 0 1 1 0 0 0 0 1 0 0 0 1 0 0
0 0 0 1 0 0 0 1 0 0 0 1 0 0 0 0 0 1 1 0 0 0 0 0 1 0 1 0 1 0 0 0 1 1 1 0 0 0 0 0 0 0 0 0 1 0 0 0 0 1 0 0 1 0 1 1 0 1 0 0
0 0 0 0 0 1 0 1 0 0 1 0 0 0 0 0 0 0 1 1 1 0 0 0 0 1 0 1 1 1 1 0 0 0 0 0 0 0 1 1 0 0 1 1 0 0 0 0 0 0 0 0 0 0 0 1 1 0 0 0
0 0 1 0 0 0 0 0 0 1 0 0 0 0 0 1 1 1 0 0 0 0 1 0 0 1 1 0 0 0 0 0 0 0 0 0 1 1 0 0 0 0 1 1 1 0 1 0 1 0 1 0 0 0 0 0 1 0 0 0
0 1 0 1 1 0 0 1 0 1 1 1 0 0 1 0 0 0 0 0 0 0 0 0 0 0 1 0 0 1 1 0 0 0 0 0 1 0 0 0 1 0 1 0 0 0 0 0 0 1 0 1 0 0 0 0 0 1 0 1
0 0 0 0 1 0 0 0 0 1 0 1 0 0 1 0 0 1 1 0 1 0 0 0 1 1 0 0 0 0 0 0 0 0 1 1 0 1 0 1 0 0 0 0 0 0 0 0 0 0 1 1 0 0 1 0 1 0 0 1
0 0 0 0 0 0 0 0 0 1 0 0 1 0 1 0 1 0 0 0 1 0 0 1 1 0 0 1 0 1 1 1 0 0 0 1 0 0 0 0 0 1 0 0 0 0 1 0 1 0 0 0 0 0 1 1 0 0 0 1
0 0 1 0 0 0 0 0 0 0 0 1 1 1 0 0 1 0 0 0 0 0 0 0 1 1 0 0 0 1 1 1 1 0 1 0 0 0 0 0 1 0 0 1 0 0 1 0 0 0 1 0 0 0 1 0 0 0 0 1
0 0 0 0 0 1 0 1 0 1 0 0 0 1 0 0 0 0 0 0 1 1 0 0 1 0 0 0 0 1 0 1 0 0 1 0 0 0 0 0 1 0 0 0 0 1 1 0 0 1 0 0 0 1 0 1 1 0 1 0
1 0 0 0 0 0 0 0 0 1 0 1 0 1 0 0 1 1 0 1 0 0 0 1 0 0 0 0 0 0 0 0 0 0 0 0 1 0 0 1 0 0 1 0 0 1 0 0 1 0 0 0 1 1 0 1 0 1 1 1
0 0 0 0 0 1 0 1 1 0 0 1 0 0 0 0 0 0 0 1 0 0 1 0 0 0 0 0 0 0 1 0 0 0 0 1 1 0 0 0 0 1 0 0 1 0 1 1 1 1 0 0 1 1 0 0 0 0 1 1
0 0 0 1 0 0 0 1 0 0 0 0 0 0 1 0 0 0 0 0 0 1 0 0 0 1 0 1 0 0 0 0 1 0 1 0 1 0 1 1 0 0 0 1 0 0 0 1 1 0 0 0 1 1 0 0 1 0 1 1
0 0 0 0 0 1 0 0 0 0 1 0 0 0 0 0 0 1 0 0 1 0 0 0 1 0 1 1 1 0 0 0 1 0 1 0 1 0 1 0 0 1 0 0 0 1 1 0 0 0 0 1 0 0 0 0 1 0 1 1
0 0 0 0 0 0 0 1 1 0 0 0 1 0 0 0 1 1 1 1 0 0 0 1 0 0 1 0 0 0 0 1 0 0 0 0 0 0 1 0 1 0 1 0 0 0 1 0 1 0 0 1 0 0 1 0 0 1 0 1
0 1 1 0 0 0 0 0 0 0 0 0 0 1 1 0 1 0 1 0 0 0 1 0 0 0 0 0 0 0 1 1 0 1 0 0 0 0 0 1 0 1 0 1 0 0 0 0 0 1 1 0 1 1 0 0 0 1 0 1
0 1 0 0 0 0 0 0 0 0 0 0 1 0 1 1 0 0 0 0 0 0 0 1 1 0 0 1 0 0 0 0 0 0 1 1 0 1 0 0 1 0 0 0 1 0 0 0 0 1 0 1 1 0 1 1 1 0 0 1
0 0 0 0 1 1 1 0 0 0 0 1 0 1 0 0 0 1 0 0 0 0 1 1 0 0 1 0 1 1 0 0 0 0 0 0 0 1 0 1 0 0 0 1 0 0 1 0 1 0 0 0 1 1 0 0 0 0 0 1
1 0 1 0 0 0 1 0 0 1 0 0 1 1 0 0 0 0 0 0 0 0 0 1 0 0 0 1 0 1 0 0 0 0 1 0 0 0 1 0 1 1 1 0 0 0 0 0 1 0 0 0 1 1 0 0 0 1 1 0
0 0 0 0 0 1 0 0 1 0 0 0 0 1 0 1 0 1 1 1 0 0 0 0 0 0 0 1 1 0 0 1 1 0 0 0 0 0 1 0 0 1 0 0 0 0 1 1 1 0 0 1 0 0 1 0 0 1 0 0
0 0 1 0 0 0 0 0 1 0 0 1 0 1 0 1 0 1 1 0 0 1 0 0 0 1 0 0 0 0 0 0 0 0 1 0 0 1 0 0 0 0 1 0 1 1 0 1 0 0 0 0 0 1 0 1 0 1 1 1
0 0 0 0 0 1 0 0 1 1 0 0 0 0 0 0 0 1 1 1 0 0 0 0 1 1 0 0 0 1 0 0 0 1 0 1 0 1 0 0 1 0 0 1 0 1 1 1 0 0 0 0 0 0 0 1 0 0 1 1
0 0 0 0 0 0 0 0 0 1 1 0 1 0 0 0 0 0 1 0 0 0 1 1 0 0 0 0 0 1 0 0 0 0 0 0 1 0 1 1 0 1 0 1 1 1 0 1 1 0 0 1 0 0 0 0 1 0 1 1
1 0 1 0 0 0 1 0 0 0 0 0 1 0 0 0 0 0 0 0 0 0 0 0 0 1 0 0 0 0 0 1 0 0 0 0 0 1 0 1 1 0 1 0 1 0 1 1 1 1 1 1 0 0 1 0 0 0 1 1
0 1 0 0 0 0 0 1 0 0 0 1 1 0 0 0 1 0 1 1 0 0 1 1 0 0 1 0 1 0 1 0 0 0 0 0 0 0 1 0 0 0 1 0 1 1 0 0 0 1 0 1 0 0 0 1 0 1 0 0
0 0 1 0 0 0 0 0 1 0 1 1 0 0 0 0 1 1 0 0 0 1 0 0 0 0 1 0 0 0 0 1 0 0 0 0 1 0 0 0 1 0 0 1 0 1 1 0 0 1 1 1 0 0 1 1 1 0 0 0
0 0 0 0 0 0 0 0 0 1 0 0 0 0 1 1 0 0 0 0 1 1 1 1 0 0 0 0 0 0 0 0 1 0 0 1 0 0 0 1 0 0 0 0 1 0 1 1 0 1 1 1 0 1 1 1 0 1 1 0
1 0 0 0 0 0 1 0 0 0 1 1 0 0 1 0 1 0 0 0 0 0 0 0 0 0 1 1 0 0 1 1 0 1 0 0 0 0 1 0 0 1 1 0 1 0 0 1 1 0 0 1 1 0 0 1 0 0 1 0
0 0 0 0 0 0 0 0 0 0 0 0 0 1 0 0 0 0 0 0 0 0 1 1 1 0 0 0 1 1 0 0 1 0 1 0 0 1 0 0 0 0 1 1 1 0 0 0 1 1 1 1 1 1 1 1 0 0 1 0
0 0 0 1 1 0 0 0 1 1 0 0 0 1 0 0 1 0 0 0 1 0 1 0 0 1 0 1 0 0 0 0 1 1 0 0 1 0 0 0 0 1 0 0 1 0 0 1 0 0 0 0 0 1 1 0 1 1 1 1
0 0 0 0 0 1 0 0 1 0 0 0 0 0 0 1 0 0 1 1 0 0 0 0 1 0 1 0 1 0 0 1 0 1 0 1 0 0 0 0 0 1 1 1 1 0 0 0 0 0 0 1 1 1 0 1 1 1 0 1
0 0 0 0 1 0 1 0 0 0 0 0 0 0 0 0 0 1 0 0 0 1 0 1 0 1 0 0 1 1 0 0 1 0 0 0 0 1 0 1 1 0 1 0 1 0 1 0 1 0 0 0 1 1 0 1 1 1 1 0
0 0 0 1 0 0 0 1 1 1 0 0 0 1 1 1 0 0 0 0 1 0 0 0 1 0 0 0 1 0 1 0 0 1 1 0 0 1 1 0 1 1 0 0 1 0 0 0 0 0 0 1 0 0 1 0 1 1 0 0
0 1 1 1 0 0 1 0 1 0 1 1 0 1 1 0 0 0 1 0 0 0 1 0 0 1 0 1 0 0 0 1 1 0 0 1 0 0 1 0 1 0 0 0 0 0 0 0 0 0 1 0 1 1 1 0 0 0 0 0
0 0 0 0 1 1 0 0 0 1 0 0 1 0 1 0 0 0 0 0 0 1 0 0 0 0 1 0 0 0 1 0 1 1 1 0 1 1 1 1 1 1 1 0 0 1 0 0 0 0 0 1 0 0 1 0 1 0 0 0
0 1 0 0 0 1 1 1 0 0 0 1 0 0 0 0 0 0 0 1 1 0 0 1 0 0 0 0 0 0 1 1 1 0 1 1 0 0 0 0 0 0 0 0 1 0 0 1 1 0 1 1 0 1 0 1 0 1 1 1
0 0 0 1 1 0 1 0 0 1 0 0 0 0 1 0 0 1 1 1 0 1 0 1 1 0 0 1 0 1 0 1 0 1 0 1 1 0 0 0 0 1 0 0 0 0 0 0 0 0 1 0 0 0 0 1 1 1 1 0
0 0 1 0 1 0 1 0 0 0 1 1 0 0 0 0 0 0 0 0 0 1 1 0 0 0 0 0 0 1 1 1 1 1 0 0 1 1 0 1 0 0 0 0 0 1 0 0 1 0 0 0 1 1 0 1 1 1 1 0
0 0 0 0 0 1 0 0 1 0 1 1 0 0 1 0 0 1 0 0 1 1 1 0 1 0 0 1 1 1 0 0 1 1 0 0 0 1 1 0 0 1 0 0 0 1 0 1 0 0 0 0 1 0 0 0 1 1 0 0
1 1 0 1 1 1 1 0 0 0 1 0 1 0 0 1 0 0 0 1 0 1 0 0 0 1 1 0 0 0 0 0 0 1 1 1 1 0 1 0 0 0 0 0 0 0 0 0 0 0 1 0 1 0 0 1 0 1 1 1
0 1 1 0 0 1 0 1 0 0 0 0 0 0 1 0 1 0 1 0 0 0 0 0 0 1 0 0 0 0 0 0 0 1 0 1 1 0 1 0 0 0 0 1 0 1 1 0 0 1 0 1 1 1 1 1 0 1 1 1
0 1 0 0 0 0 1 0 0 1 0 0 0 0 0 1 1 0 0 0 0 0 0 1 1 0 1 0 0 1 0 0 1 1 1 1 1 1 1 0 1 0 1 0 1 1 0 0 0 0 1 0 1 0 0 0 0 1 0 1
0 1 0 1 0 0 0 0 0 0 1 0 1 0 0 0 0 0 0 0 1 1 1 0 0 1 1 1 1 0 0 0 0 0 0 0 0 1 1 0 1 1 0 1 0 0 0 1 1 1 1 1 0 1 1 0 0 0 1 1
0 1 0 0 0 0 0 1 0 0 0 1 0 0 0 0 0 0 0 1 1 1 1 0 0 1 0 1 1 0 1 0 0 0 0 0 1 0 1 1 1 1 0 1 0 1 0 1 0 0 1 0 1 0 1 0 1 1 1 1
1 0 0 1 0 1 0 0 1 0 0 0 1 0 0 0 1 1 1 0 0 0 0 0 1 0 1 0 0 1 0 0 0 1 0 1 1 0 1 1 0 0 1 1 1 0 0 0 0 0 1 0 1 1 0 1 1 1 0 1
0 0 0 1 1 0 0 1 0 0 1 0 1 1 0 0 0 1 0 1 1 0 0 0 0 0 1 0 0 0 1 1 0 0 1 1 1 1 1 0 1 1 0 0 0 1 1 1 0 1 1 0 0 0 1 0 1 0 0 0
1 0 0 0 1 0 0 1 1 0 1 0 0 1 1 0 1 0 0 1 0 0 1 1 0 0 1 0 0 0 0 0 1 0 0 1 0 0 0 1 1 1 1 0 1 0 1 1 1 0 0 0 0 1 1 1 0 0 1 1
0 0 0 1 0 0 1 0 0 0 0 1 1 0 0 1 0 0 0 0 1 0 0 0 1 1 0 0 1 1 1 0 0 0 1 0 1 0 0 1 1 1 1 0 0 1 1 1 1 1 1 1 0 1 1 0 0 0 0 1
0 1 0 0 1 0 1 1 0 0 0 0 0 0 0 0 0 0 0 1 1 1 1 1 0 0 0 0 1 0 1 1 1 1 0 0 1 1 1 1 0 1 0 0 0 1 1 1 0 1 1 0 1 1 0 0 1 0 0 0
1 0 1 0 0 0 0 0 0 0 1 0 0 0 0 1 1 1 1 0 1 1 1 1 1 1 1 1 0 0 1 1 1 1 0 0 0 0 0 1 1 0 0 0 0 1 0 0 0 1 1 1 1 1 1 0 1 1 0 0