Matriz Laplaciana do grafo: 1
[[ 3  0  0 ...,  0  0  0]
 [ 0  6  0 ..., -1  0  0]
 [ 0  0  7 ...,  0  0  0]
 ..., 
 [ 0 -1  0 ..., 19  0  0]
 [ 0  0  0 ...,  0 19  0]
 [ 0  0  0 ...,  0  0 21]]

Autovalores: 
[  1.42108547e-14   2.33698871e+01   2.20251282e+01   2.74108789e+00
   2.12864010e+01   2.08022882e+01   2.01886608e+01   1.98710481e+01
   1.91313673e+01   1.87352864e+01   1.84094971e+01   1.82635771e+01
   1.78975310e+01   1.73423224e+01   1.69983086e+01   4.95890411e+00
   5.15857563e+00   1.65995393e+01   1.64039726e+01   1.62181993e+01
   1.60738688e+01   1.60218337e+01   5.66346358e+00   5.90805907e+00
   1.57555566e+01   1.56515293e+01   6.07577342e+00   1.54223010e+01
   1.51167615e+01   6.16646433e+00   6.35949061e+00   1.48097909e+01
   1.44889317e+01   6.65518676e+00   1.43653089e+01   1.43374166e+01
   1.39925001e+01   6.79562174e+00   6.83327820e+00   6.96406723e+00
   7.03383871e+00   7.26976428e+00   7.35832554e+00   1.38443689e+01
   1.37398343e+01   1.36098387e+01   7.56001694e+00   1.32574997e+01
   1.31310346e+01   8.09241188e+00   7.94897222e+00   8.13312611e+00
   1.29745678e+01   1.26785848e+01   1.26348964e+01   1.25927540e+01
   8.43819706e+00   8.51764227e+00   8.69132325e+00   1.23979490e+01
   9.01632267e+00   8.96651471e+00   1.20611465e+01   9.38472222e+00
   1.17937627e+01   9.52850453e+00   1.15743854e+01   1.17154285e+01
   9.77269158e+00   1.08634550e+01   1.07348131e+01   1.05545184e+01
   1.12991374e+01   1.10528724e+01   1.04278688e+01   1.02962471e+01
   1.00828850e+01   1.00180723e+01   9.93457190e+00   1.11583473e+01]


Matriz Laplaciana do grafo: 2
[[ 5  0  0 ...,  0  0  0]
 [ 0  6  0 ...,  0  0  0]
 [ 0  0  6 ...,  0  0  0]
 ..., 
 [ 0  0  0 ..., 18  0  0]
 [ 0  0  0 ...,  0 19 -1]
 [ 0  0  0 ...,  0 -1 19]]

Autovalores: 
[ -1.06581410e-14   2.23451109e+01   2.15368868e+01   2.06708213e+01
   2.05757983e+01   2.01665559e+01   1.94543727e+01   1.93095138e+01
   1.89809376e+01   1.83808640e+01   1.81956964e+01   1.80172060e+01
   1.77360791e+01   1.75685125e+01   4.35283841e+00   1.73911344e+01
   4.47371009e+00   1.71007853e+01   4.98334021e+00   5.11969274e+00
   5.48020485e+00   5.52153246e+00   1.63406999e+01   1.61518632e+01
   1.60048087e+01   1.57535632e+01   1.54255222e+01   1.55778811e+01
   5.92756855e+00   6.09462205e+00   1.52030793e+01   1.50102568e+01
   1.47244313e+01   6.25559583e+00   6.51050801e+00   1.45903272e+01
   1.44443498e+01   1.43443548e+01   6.81602126e+00   1.41328051e+01
   1.38575472e+01   1.37612982e+01   7.09056349e+00   7.21375454e+00
   1.33788439e+01   1.32710511e+01   7.31445779e+00   7.58421096e+00
   1.31027904e+01   7.70159154e+00   1.29690129e+01   7.82402647e+00
   8.11222059e+00   8.27747218e+00   1.26091693e+01   1.22791872e+01
   1.25349509e+01   8.40316750e+00   1.20160628e+01   8.60178644e+00
   1.16836755e+01   8.68641918e+00   8.87671810e+00   1.16341761e+01
   1.15302392e+01   9.08141380e+00   9.57014572e+00   9.51555801e+00
   9.26574294e+00   1.13682951e+01   1.09837621e+01   1.08051727e+01
   9.30397484e+00   1.02403536e+01   1.00090715e+01   1.03041612e+01
   1.06158087e+01   1.13819939e+01   1.00310139e+01   1.05392864e+01]


Matriz Laplaciana do grafo: 3
[[ 7  0  0 ...,  0  0 -1]
 [ 0  7  0 ...,  0  0  0]
 [ 0  0  7 ...,  0  0  0]
 ..., 
 [ 0  0  0 ..., 18 -1 -1]
 [ 0  0  0 ..., -1 19 -1]
 [-1  0  0 ..., -1 -1 20]]

Autovalores: 
[  0.          22.54293098  21.60857603  20.20272925  19.82330018
  19.52572334  19.05385307  18.6551524   18.31340258  17.9803063
  17.76895709  17.65305414  17.39976313   4.98713619   5.34466685
   5.5956296   16.90774026  16.80163239  16.61777315  16.39169215
  16.30366781   5.73947789   5.85227255  15.97160076  15.88455764
  15.67624144   6.10455106  15.27024645  15.01244413   6.40178308
  14.68419993   6.66338455  14.3676595   14.2905822    6.73490201
   6.87069395   6.99112677  14.13210676   7.1331161   13.95321743
  13.65885232   7.43701352   7.58444075  13.51507945  13.45051373
   7.75120776  13.24620006  13.16710825   7.94354871  12.88542002
   8.16652042  12.73594387  12.59335598   8.37053387   8.60984946
   8.55551352   8.74866296  12.30853492  12.28983619  12.02752779
  11.88663287   8.93730458  11.54582083  11.45832901   9.19630499
   9.31353363   9.47537821   9.66610678   9.77577458  10.96294913
  11.30974996  11.25211915   9.34125897  11.16909483  10.10638735
  10.74112512  10.6274976   10.25044816  10.39334355  10.33332604]


Matriz Laplaciana do grafo: 4
[[ 5  0  0 ...,  0  0 -1]
 [ 0  5  0 ...,  0  0  0]
 [ 0  0  5 ..., -1  0  0]
 ..., 
 [ 0  0 -1 ..., 19 -1  0]
 [ 0  0  0 ..., -1 20  0]
 [-1  0  0 ...,  0  0 21]]

Autovalores: 
[  0.          23.20480694  22.57909226  21.21463161  20.74321133
  19.97834335  19.57426943  19.73981148  19.09213078   3.64896611
  18.68742031  18.24998783  18.12731466  17.83051319   4.17293049
   4.24458206  17.61017673  17.18468172   4.50178025   4.76682073
  17.12504804  16.96684333  16.70585359  16.56939777   5.32711725
   5.77205108   5.87758015  15.92104557  15.70761768   6.06507297
  15.46718168  15.200347     6.3678802    6.46083763  14.86621747
  14.66229923  14.51697993  14.38592977   6.75259482   7.04367018
   7.14564549   7.30967931  14.08082435  13.97264989  13.85253661
  13.77648156  13.37644682  13.56663593   7.55943876   7.86983745
  13.08205283   7.71321883   8.22760011   8.3709312   12.46226045
  12.64596104  12.56829533  12.2124989    8.66847617   8.92263817
   9.00529236   9.29411384   9.35205237   8.55090787   9.50319128
  11.96809886  11.82387346  11.71058123  10.02356581  10.39742297
  10.5204054   11.58630292  11.44884073  11.22121088  10.75810866
   9.83958975  10.9876683   11.12555991  10.64654483   9.93952282]


Matriz Laplaciana do grafo: 5
[[ 6  0  0 ...,  0  0  0]
 [ 0  7  0 ...,  0  0 -1]
 [ 0  0  7 ..., -1  0  0]
 ..., 
 [ 0  0 -1 ..., 17  0 -1]
 [ 0  0  0 ...,  0 17  0]
 [ 0 -1  0 ..., -1  0 20]]

Autovalores: 
[  3.55271368e-15   2.22344563e+01   2.02192499e+01   2.00332293e+01
   1.97187934e+01   1.95596706e+01   1.90359557e+01   1.88009357e+01
   4.69514846e+00   1.84349578e+01   1.76955659e+01   1.73872945e+01
   1.72520830e+01   5.11196846e+00   1.69694823e+01   1.69150525e+01
   1.66839283e+01   5.35388478e+00   1.63145057e+01   5.75103168e+00
   1.61917194e+01   5.93645479e+00   6.13460946e+00   6.00154474e+00
   1.59653884e+01   1.59189121e+01   1.55898205e+01   1.54658291e+01
   6.47466500e+00   1.52597404e+01   1.53319016e+01   1.50208777e+01
   6.61888275e+00   6.70094061e+00   6.91234845e+00   1.47418416e+01
   1.46576036e+01   1.45507981e+01   7.14622788e+00   1.43602754e+01
   1.41759036e+01   7.41161580e+00   1.39617934e+01   7.46452112e+00
   7.61271502e+00   1.38716129e+01   7.75589403e+00   1.36364739e+01
   1.33334015e+01   7.99280463e+00   7.86709043e+00   8.17047469e+00
   8.36278634e+00   8.52771322e+00   1.32438641e+01   1.31668886e+01
   8.80654952e+00   8.88974938e+00   1.29163433e+01   1.27507628e+01
   9.06679584e+00   1.25717970e+01   1.23612034e+01   9.49428965e+00
   1.22667731e+01   9.72410078e+00   1.15021766e+01   9.86486739e+00
   1.12763590e+01   1.18111757e+01   1.18752129e+01   1.20258512e+01
   1.05480229e+01   1.01984238e+01   1.02956852e+01   1.00226226e+01
   1.08474114e+01   9.34999589e+00   1.10236348e+01   1.08070666e+01]


Matriz Laplaciana do grafo: 6
[[ 5  0  0 ...,  0 -1  0]
 [ 0  5  0 ...,  0  0  0]
 [ 0  0  6 ..., -1  0  0]
 ..., 
 [ 0  0 -1 ..., 18  0  0]
 [-1  0  0 ...,  0 18  0]
 [ 0  0  0 ...,  0  0 20]]

Autovalores: 
[  3.55271368e-15   2.24941823e+01   2.12574551e+01   2.06335909e+01
   2.03471821e+01   2.01361534e+01   1.96372796e+01   1.92388834e+01
   1.90229568e+01   1.87563014e+01   1.82607115e+01   1.83724002e+01
   1.76634006e+01   4.18264955e+00   4.46192837e+00   4.79064351e+00
   1.74682977e+01   1.72410568e+01   1.71164895e+01   1.66258050e+01
   1.65939230e+01   5.09297008e+00   1.62733163e+01   5.30575645e+00
   5.44452163e+00   5.68312806e+00   1.61110117e+01   1.58218618e+01
   1.54204464e+01   6.03770041e+00   1.51330381e+01   6.28087982e+00
   6.49385408e+00   1.48643128e+01   1.47563256e+01   1.43892232e+01
   6.63144925e+00   1.42256158e+01   7.01002105e+00   7.16859082e+00
   1.39351054e+01   1.38844715e+01   7.37239544e+00   1.36965179e+01
   1.35439140e+01   7.48218273e+00   1.33688350e+01   7.60706170e+00
   7.84784962e+00   7.92622255e+00   1.31406700e+01   1.32941853e+01
   8.19071682e+00   8.22185896e+00   1.27396817e+01   1.26723539e+01
   8.56946707e+00   8.65184643e+00   1.24501422e+01   8.91568303e+00
   1.22609936e+01   9.11691653e+00   9.04487604e+00   1.19940464e+01
   9.80294945e+00   1.00699315e+01   9.58004585e+00   1.12579328e+01
   1.02110797e+01   1.19158893e+01   1.05883530e+01   1.08718839e+01
   9.50869040e+00   1.07789649e+01   1.18127703e+01   1.03296764e+01
   1.10815469e+01   1.18001913e+01   1.04263036e+01   1.15904828e+01]


Matriz Laplaciana do grafo: 7
[[ 5  0  0 ...,  0  0  0]
 [ 0  6  0 ...,  0  0 -1]
 [ 0  0  6 ...,  0  0 -1]
 ..., 
 [ 0  0  0 ..., 19  0  0]
 [ 0  0  0 ...,  0 20 -1]
 [ 0 -1 -1 ...,  0 -1 22]]

Autovalores: 
[  3.55271368e-15   2.40790447e+01   2.19151466e+01   2.13024485e+01
   2.08589577e+01   2.01911587e+01   1.91592606e+01   1.89818886e+01
   1.83820264e+01   1.85851917e+01   1.79251517e+01   1.78009890e+01
   1.72836505e+01   1.70608304e+01   4.36647651e+00   1.68515193e+01
   1.65477482e+01   4.78033102e+00   4.97684762e+00   5.28922845e+00
   5.24768442e+00   1.64226780e+01   1.60955405e+01   1.58829807e+01
   1.57079012e+01   1.53885347e+01   5.72965641e+00   5.97278031e+00
   1.50901942e+01   1.49427242e+01   1.48870489e+01   1.47374008e+01
   6.33593009e+00   1.44962486e+01   6.59240358e+00   6.77390274e+00
   6.67477190e+00   1.40849821e+01   1.39457741e+01   1.37729764e+01
   7.08336185e+00   1.36159509e+01   1.36926232e+01   1.32432037e+01
   7.33140333e+00   7.54095386e+00   7.58066523e+00   1.30877850e+01
   7.77454159e+00   7.98849214e+00   1.29177395e+01   1.27994032e+01
   1.26056735e+01   8.08403266e+00   1.25081607e+01   1.22784513e+01
   8.40086352e+00   8.52387298e+00   1.21064894e+01   1.20243414e+01
   1.18618800e+01   8.67560946e+00   1.15626709e+01   1.12780985e+01
   8.89433320e+00   9.84654421e+00   9.38030304e+00   9.53744508e+00
   1.09604399e+01   1.11457791e+01   9.00258026e+00   9.20113725e+00
   1.02808644e+01   1.06745303e+01   9.14925203e+00   1.07347731e+01
   1.03695310e+01   1.03503453e+01   9.62167705e+00   1.11641867e+01]


Matriz Laplaciana do grafo: 8
[[ 3  0  0 ...,  0  0  0]
 [ 0  4  0 ...,  0  0 -1]
 [ 0  0  6 ..., -1  0  0]
 ..., 
 [ 0  0 -1 ..., 19 -1  0]
 [ 0  0  0 ..., -1 20  0]
 [ 0 -1  0 ...,  0  0 23]]

Autovalores: 
[  7.10542736e-15   2.48175335e+01   2.25137879e+01   2.56195070e+00
   2.18071694e+01   2.15116472e+01   2.08210383e+01   2.04185053e+01
   1.91301675e+01   3.59390010e+00   1.90353827e+01   1.85540579e+01
   1.82386461e+01   1.79261360e+01   1.79220954e+01   1.73895472e+01
   4.89696630e+00   5.12687890e+00   5.54648130e+00   5.64853048e+00
   1.68977015e+01   1.64771054e+01   1.64019842e+01   1.62036749e+01
   5.86617999e+00   1.59630571e+01   6.11468097e+00   1.55831928e+01
   1.53671989e+01   6.45721999e+00   6.54671327e+00   6.59009029e+00
   6.76129056e+00   1.50739190e+01   1.48669077e+01   1.45849928e+01
   7.09272584e+00   7.22740542e+00   7.48141866e+00   7.63913835e+00
   1.43825302e+01   1.43125138e+01   1.41747931e+01   1.41166993e+01
   1.38785408e+01   7.89586788e+00   8.05256692e+00   8.16775021e+00
   1.35234944e+01   1.32646267e+01   1.30707680e+01   8.50091077e+00
   8.70038901e+00   8.73200527e+00   1.29588027e+01   1.28339248e+01
   9.00306083e+00   9.23098977e+00   1.26511273e+01   1.23787148e+01
   1.22777225e+01   1.21913973e+01   9.45894421e+00   9.49655825e+00
   1.19170927e+01   1.06964646e+01   1.08372517e+01   1.09669516e+01
   1.17888124e+01   1.03489621e+01   1.15303042e+01   1.17476045e+01
   1.16528251e+01   1.01998588e+01   1.00405296e+01   1.00826421e+01
   9.75902021e+00   1.12103073e+01   9.88601092e+00   1.14236438e+01]


Matriz Laplaciana do grafo: 9
[[ 6  0  0 ...,  0 -1  0]
 [ 0  6  0 ...,  0  0  0]
 [ 0  0  7 ...,  0  0 -1]
 ..., 
 [ 0  0  0 ..., 19 -1  0]
 [-1  0  0 ..., -1 20  0]
 [ 0  0 -1 ...,  0  0 21]]

Autovalores: 
[  7.10542736e-15   2.30924468e+01   2.23056854e+01   2.14931689e+01
   2.09735556e+01   2.01929572e+01   1.94803822e+01   1.92169160e+01
   1.90127483e+01   1.84558143e+01   1.82726047e+01   1.81026231e+01
   1.77036337e+01   1.74719911e+01   1.71997179e+01   1.69261263e+01
   1.67690280e+01   1.67112927e+01   4.82600328e+00   1.64581689e+01
   5.02003524e+00   5.12549991e+00   1.59459212e+01   1.58922005e+01
   1.56293975e+01   1.53505107e+01   5.45187262e+00   1.51630981e+01
   1.50258171e+01   1.46820245e+01   5.66530084e+00   5.77013298e+00
   5.87836271e+00   1.44578099e+01   5.98795754e+00   1.43199432e+01
   6.25036838e+00   1.40367500e+01   6.35373788e+00   1.38975292e+01
   6.44036552e+00   1.34573211e+01   1.35729575e+01   6.80831794e+00
   6.85193708e+00   1.32593398e+01   7.15280358e+00   7.30255500e+00
   1.30053121e+01   7.44349569e+00   1.25994469e+01   7.51386242e+00
   7.76200914e+00   1.24925314e+01   8.00507210e+00   1.22017083e+01
   8.17509197e+00   1.20138751e+01   8.42850530e+00   1.18824700e+01
   1.17667233e+01   1.16014151e+01   8.57165537e+00   1.17029160e+01
   8.77678040e+00   1.12425811e+01   1.09093039e+01   1.07152354e+01
   9.10299573e+00   9.33088390e+00   9.81759755e+00   9.77167682e+00
   9.63571695e+00   1.01901804e+01   1.05429841e+01   9.03488805e+00
   9.25452640e+00   1.03155453e+01   1.02862766e+01   1.04920053e+01]


