Matriz Laplaciana do grafo: 1
[[12 -1  0 ...,  0 -1  0]
 [-1 12 -1 ...,  0  0  0]
 [ 0 -1 12 ...,  0  0  0]
 ..., 
 [ 0  0  0 ..., 28 -1  0]
 [-1  0  0 ..., -1 28  0]
 [ 0  0  0 ...,  0  0 29]]

Autovalores: 
[  1.60884901e-16   3.18907165e+01   3.16100849e+01   9.37859522e+00
   3.05945112e+01   2.97602579e+01   2.95448173e+01   2.92690627e+01
   2.87643277e+01   2.82733935e+01   2.79228644e+01   1.08028922e+01
   2.74356242e+01   2.75789835e+01   2.70496627e+01   1.13625873e+01
   1.17145842e+01   1.19891249e+01   2.66319307e+01   2.60707655e+01
   2.58966630e+01   2.56368261e+01   1.23487683e+01   2.53193009e+01
   1.25649911e+01   2.50771242e+01   2.48485945e+01   2.47583992e+01
   2.46442918e+01   1.30714195e+01   1.29913744e+01   1.33190300e+01
   2.41885286e+01   2.37345525e+01   2.34076099e+01   2.33080842e+01
   1.37283956e+01   2.30790250e+01   1.40397584e+01   1.41926784e+01
   2.28130182e+01   2.27394584e+01   2.25726570e+01   1.43048804e+01
   2.22972521e+01   1.46310652e+01   2.21614689e+01   1.44849870e+01
   1.49035711e+01   2.18079596e+01   2.15979348e+01   2.17363051e+01
   1.51849104e+01   1.52650403e+01   2.11480066e+01   2.10585661e+01
   1.55926399e+01   2.06223918e+01   1.56492515e+01   2.04809862e+01
   1.58335585e+01   1.61048601e+01   1.99497333e+01   2.00278729e+01
   1.94564251e+01   2.02255523e+01   1.66491557e+01   1.65266696e+01
   1.92204847e+01   1.68650718e+01   1.70358844e+01   1.88534783e+01
   1.73049026e+01   1.80354651e+01   1.83643070e+01   1.86309570e+01
   1.78386620e+01   1.75210764e+01   1.76384287e+01   1.90649022e+01]


Matriz Laplaciana do grafo: 2
[[10 -1  0 ...,  0  0 -1]
 [-1 11  0 ...,  0  0  0]
 [ 0  0 12 ...,  0  0  0]
 ..., 
 [ 0  0  0 ..., 26 -1 -1]
 [ 0  0  0 ..., -1 29 -1]
 [-1  0  0 ..., -1 -1 29]]

Autovalores: 
[ -2.35845905e-15   3.20945301e+01   3.19651752e+01   8.73821951e+00
   3.01270624e+01   2.95428839e+01   2.91225778e+01   1.01053463e+01
   1.04257478e+01   2.88082808e+01   2.84910145e+01   2.83147902e+01
   2.76264597e+01   2.79725773e+01   2.79080831e+01   1.09114147e+01
   1.16026902e+01   1.19750876e+01   2.70606312e+01   2.66888249e+01
   2.63342627e+01   2.60146669e+01   2.58414544e+01   1.23123079e+01
   2.57054710e+01   1.25525665e+01   2.54374846e+01   2.50715012e+01
   1.30366432e+01   2.48069837e+01   1.32217589e+01   1.35542463e+01
   2.42799588e+01   2.39856417e+01   2.37560053e+01   2.34992021e+01
   1.39217940e+01   1.39926734e+01   2.32559558e+01   1.43695374e+01
   1.42502224e+01   2.30994743e+01   2.30238231e+01   2.28073950e+01
   2.26078241e+01   2.23557218e+01   1.50229806e+01   2.20027355e+01
   1.52142410e+01   1.54812271e+01   2.18465949e+01   1.56088806e+01
   1.58110656e+01   2.16893902e+01   2.16228781e+01   2.12578259e+01
   2.07463009e+01   1.61187925e+01   2.06178825e+01   1.63236455e+01
   1.63836171e+01   2.04091181e+01   2.02558216e+01   1.66541360e+01
   1.99454848e+01   1.69493618e+01   1.96277579e+01   1.93802626e+01
   1.96016880e+01   1.71957964e+01   1.73937275e+01   1.91605109e+01
   1.79903323e+01   1.84325214e+01   1.82815060e+01   1.75347193e+01
   1.77152547e+01   1.88324597e+01   1.76147050e+01   1.87008043e+01]


Matriz Laplaciana do grafo: 3
[[11 -1  0 ...,  0  0  0]
 [-1 13  0 ..., -1  0  0]
 [ 0  0 14 ...,  0  0  0]
 ..., 
 [ 0 -1  0 ..., 27 -1  0]
 [ 0  0  0 ..., -1 28 -1]
 [ 0  0  0 ...,  0 -1 28]]

Autovalores: 
[ -1.60682610e-15   3.19795771e+01   3.06493833e+01   3.02406981e+01
   2.99226892e+01   2.96658688e+01   2.89365771e+01   2.87673751e+01
   9.55511905e+00   2.85757170e+01   2.76822400e+01   2.73998286e+01
   2.70673086e+01   2.66664068e+01   2.63574963e+01   2.60569706e+01
   1.15199650e+01   1.17315119e+01   1.20194211e+01   1.22470694e+01
   2.59927079e+01   2.55684345e+01   2.51828910e+01   2.47839300e+01
   1.27633132e+01   2.46672537e+01   1.27261715e+01   1.29214154e+01
   2.43670827e+01   2.40784492e+01   1.34167737e+01   1.35331302e+01
   2.39087274e+01   1.37358638e+01   2.33888986e+01   2.32239048e+01
   2.30069188e+01   2.28728896e+01   1.42480208e+01   1.43291886e+01
   2.26795671e+01   2.25296784e+01   1.46060754e+01   2.22076049e+01
   2.20742460e+01   2.19480831e+01   1.49798059e+01   2.17876809e+01
   1.51948797e+01   2.13654016e+01   2.11196918e+01   2.09040337e+01
   1.54131401e+01   1.55453716e+01   1.56860931e+01   2.06266603e+01
   1.57963086e+01   2.03792649e+01   2.02076560e+01   1.59121216e+01
   1.61577799e+01   2.01442347e+01   1.99642606e+01   1.65666166e+01
   1.96966772e+01   1.69030929e+01   1.72952390e+01   1.94079164e+01
   1.67773355e+01   1.91527282e+01   1.75321132e+01   1.78035632e+01
   1.76662687e+01   1.86345144e+01   1.88349422e+01   1.84793293e+01
   1.67955209e+01   1.84529975e+01   1.80531112e+01   1.89612052e+01]


Matriz Laplaciana do grafo: 4
[[ 8  0 -1 ...,  0  0  0]
 [ 0 12  0 ...,  0  0 -1]
 [-1  0 13 ...,  0  0 -1]
 ..., 
 [ 0  0  0 ..., 25  0  0]
 [ 0  0  0 ...,  0 26 -1]
 [ 0 -1 -1 ...,  0 -1 33]]

Autovalores: 
[  0.          34.82665367   7.41111397  29.72595163  29.4950213
  29.10175034  28.57324521  28.23329678  10.69168909  27.71012643
  27.53483275  27.23950922  26.86385829  26.73054693  11.72070798
  12.15618619  26.10412277  26.08760477  12.52499474  25.48947669
  12.78882158  25.42592492  13.04375326  13.16422486  13.44773279
  25.27910091  24.85274235  24.79926572  24.57772109  13.71447618
  13.97271833  24.33187559  24.24183144  24.02509073  14.20453905
  14.39615299  14.48675383  23.67076831  23.59563884  23.1840551
  14.78750984  14.91333289  22.97451069  15.22159781  15.59718411
  22.78100045  22.73454191  22.67246338  15.8017279   15.87638642
  22.22494584  22.08766656  16.19052289  21.90311413  16.54518134
  16.78623018  21.48645097  21.24583742  21.33735547  16.89343934
  20.99635879  17.32546276  17.45421657  17.71434573  20.87365815
  20.63983432  19.49709048  18.09355616  18.62661582  20.41370084
  20.0198947   17.01924948  19.16568643  18.278762    19.95011342
  17.87926569  18.90476958  20.32836232  19.00394549  18.33023513]


Matriz Laplaciana do grafo: 5
[[12  0 -1 ...,  0 -1 -1]
 [ 0 13  0 ..., -1  0  0]
 [-1  0 13 ...,  0  0  0]
 ..., 
 [ 0 -1  0 ..., 27 -1  0]
 [-1  0  0 ..., -1 28 -1]
 [-1  0  0 ...,  0 -1 28]]

Autovalores: 
[  6.07359853e-16   3.15673519e+01   3.10342833e+01   3.02764313e+01
   2.98908538e+01   2.99850358e+01   2.90509971e+01   2.88430146e+01
   2.83240823e+01   2.81286023e+01   1.02177212e+01   2.74560279e+01
   2.70830495e+01   1.08455747e+01   2.66572445e+01   2.63368173e+01
   1.15261110e+01   1.16977465e+01   2.61368748e+01   2.59757821e+01
   1.21005701e+01   1.24112125e+01   2.52224685e+01   2.50090142e+01
   1.27753884e+01   2.47350911e+01   2.45555499e+01   2.46361529e+01
   2.40874173e+01   1.30228401e+01   1.31845793e+01   1.34569928e+01
   2.38140801e+01   2.36649583e+01   2.34791493e+01   2.32792046e+01
   1.39109976e+01   1.41003833e+01   2.30265342e+01   1.43556912e+01
   2.29707125e+01   1.45285296e+01   2.27088453e+01   2.25370852e+01
   2.22876428e+01   1.47427159e+01   2.19984650e+01   1.48750816e+01
   2.16480227e+01   2.15185374e+01   1.51202149e+01   1.52857880e+01
   2.12184486e+01   1.54882197e+01   2.10752280e+01   2.09826816e+01
   2.05964692e+01   2.03612945e+01   1.58901982e+01   1.59490826e+01
   1.62271511e+01   1.63036403e+01   1.69243843e+01   1.99640080e+01
   1.71987877e+01   1.97543303e+01   1.73285607e+01   1.66802915e+01
   1.89264840e+01   1.80999940e+01   1.78356033e+01   1.65439053e+01
   1.84958042e+01   1.96197124e+01   1.84438541e+01   1.94275384e+01
   1.93220775e+01   1.95101312e+01   1.75592348e+01   1.81893663e+01]


Matriz Laplaciana do grafo: 6
[[13  0 -1 ...,  0  0 -1]
 [ 0 13  0 ...,  0 -1  0]
 [-1  0 14 ..., -1  0  0]
 ..., 
 [ 0  0 -1 ..., 27 -1  0]
 [ 0 -1  0 ..., -1 29 -1]
 [-1  0  0 ...,  0 -1 30]]

Autovalores: 
[  0.          32.74326748  31.67543292  30.04667453  29.80421233
  29.53503721  28.78309426  28.15373522  27.90828804  27.43161458
  27.40180198  27.10959798  26.75575525  26.49472651  26.41633651
  10.85547572  11.23956068  25.63769524  11.53409388  25.38400084
  11.78170695  12.44902334  25.07706959  24.74478219  24.70270237
  24.44563722  24.31852754  12.70649012  12.9992413   23.86086548
  13.19975825  23.60903869  23.4816817   13.38194356  23.23925689
  13.53585332  22.96610199  22.88254888  22.61835467  22.39704919
  13.92947469  14.04959743  14.14127716  22.18054901  21.95141762
  21.92231936  21.66025862  14.5589036   14.62722664  14.73786172
  21.39038896  21.09625133  20.52303265  15.35983513  15.04150228
  15.69793306  15.82553819  20.4487691   14.97321503  15.96310132
  16.25387684  16.4187704   20.27080044  20.14194584  17.76715359
  17.06895854  19.95450236  16.96319477  18.2023867   19.55128827
  17.4010935   18.34999221  19.46380503  18.7012139   18.96138987
  18.5471157   17.35604769  16.83073699  19.27728379  19.13195629]


Matriz Laplaciana do grafo: 7
[[13  0 -1 ...,  0  0  0]
 [ 0 14  0 ..., -1  0  0]
 [-1  0 15 ..., -1  0 -1]
 ..., 
 [ 0 -1 -1 ..., 27 -1  0]
 [ 0  0  0 ..., -1 28 -1]
 [ 0  0 -1 ...,  0 -1 28]]

Autovalores: 
[  3.45195830e-15   3.17163879e+01   3.05244838e+01   2.99115149e+01
   2.91417653e+01   2.89950266e+01   2.87826144e+01   2.82729647e+01
   2.80850871e+01   2.78066943e+01   1.12847348e+01   2.73628735e+01
   2.69522345e+01   2.66869323e+01   2.61525924e+01   1.15825971e+01
   1.18851032e+01   2.54448402e+01   2.58629828e+01   2.58556245e+01
   1.22881328e+01   1.23737756e+01   1.25862440e+01   2.51255460e+01
   2.48945667e+01   1.30626784e+01   2.47953509e+01   1.29263470e+01
   2.45249801e+01   2.43409876e+01   1.35140803e+01   1.34468225e+01
   1.37978766e+01   2.39320590e+01   2.37920254e+01   2.36564962e+01
   1.41447550e+01   2.31077016e+01   2.28258148e+01   2.26067121e+01
   1.46507357e+01   2.22014794e+01   2.23343730e+01   2.18302017e+01
   1.47110038e+01   1.49520463e+01   1.49627824e+01   1.51679707e+01
   2.16594754e+01   2.14026071e+01   1.55837261e+01   2.10958889e+01
   1.59477465e+01   1.60879797e+01   2.09902593e+01   2.06721721e+01
   2.07382509e+01   1.62730216e+01   2.01783623e+01   2.04127750e+01
   1.99022982e+01   1.67338503e+01   1.65120071e+01   1.69725466e+01
   1.72187516e+01   1.76950844e+01   1.96216218e+01   1.94994377e+01
   1.75421074e+01   1.80292749e+01   1.86891452e+01   1.74331974e+01
   1.88950027e+01   1.84076286e+01   1.93750287e+01   1.84826637e+01
   1.65317082e+01   1.81296992e+01   1.92068117e+01   1.92192701e+01]


Matriz Laplaciana do grafo: 8
[[12  0  0 ...,  0  0 -1]
 [ 0 12 -1 ...,  0  0  0]
 [ 0 -1 13 ...,  0  0  0]
 ..., 
 [ 0  0  0 ..., 26  0  0]
 [ 0  0  0 ...,  0 26  0]
 [-1  0  0 ...,  0  0 27]]

Autovalores: 
[ -4.07052298e-15   1.02997531e+01   3.05444498e+01   2.99031958e+01
   2.95175630e+01   2.90905683e+01   2.86144581e+01   2.82767004e+01
   1.07284976e+01   2.80179683e+01   2.78010436e+01   2.76435588e+01
   2.73940739e+01   1.16206871e+01   1.17388332e+01   1.23439957e+01
   2.69398617e+01   2.66109579e+01   2.63696611e+01   2.62507368e+01
   2.58704697e+01   1.25044399e+01   2.55935648e+01   1.28109307e+01
   1.28730625e+01   2.52642090e+01   2.49599689e+01   1.31840683e+01
   1.33967695e+01   1.37206448e+01   2.46436644e+01   2.44782361e+01
   2.42517250e+01   2.40399752e+01   1.40331950e+01   1.43200573e+01
   2.39013265e+01   2.34495784e+01   1.44919586e+01   2.33928054e+01
   1.47381093e+01   1.48035741e+01   2.31679128e+01   1.50465312e+01
   2.30022467e+01   1.53103420e+01   2.28206819e+01   2.25902195e+01
   1.54949240e+01   1.57642566e+01   2.23742334e+01   2.22144607e+01
   1.59681453e+01   1.64344731e+01   2.18126285e+01   2.17093375e+01
   1.66115710e+01   2.14221624e+01   2.13831586e+01   2.11017404e+01
   1.68325054e+01   1.69132401e+01   2.06735251e+01   1.71852660e+01
   1.73675177e+01   2.09049111e+01   2.03434700e+01   1.77266167e+01
   1.79894386e+01   2.00721149e+01   1.87024544e+01   1.83381892e+01
   1.89174849e+01   1.75379731e+01   1.94933298e+01   1.96915641e+01
   1.99168517e+01   1.91782058e+01   1.82194058e+01   1.93380124e+01]


Matriz Laplaciana do grafo: 9
[[12  0  0 ...,  0  0  0]
 [ 0 13 -1 ...,  0  0  0]
 [ 0 -1 13 ..., -1  0  0]
 ..., 
 [ 0  0 -1 ..., 27  0  0]
 [ 0  0  0 ...,  0 27  0]
 [ 0  0  0 ...,  0  0 28]]

Autovalores: 
[ -3.10077695e-15   3.08805324e+01   1.05258928e+01   3.00570256e+01
   2.98769951e+01   1.07364429e+01   2.91867412e+01   2.87833070e+01
   2.85044221e+01   2.80612372e+01   2.80118433e+01   1.15876716e+01
   1.17831384e+01   2.73699640e+01   2.71168097e+01   2.67003883e+01
   2.68456094e+01   2.61861450e+01   2.59174291e+01   1.25015179e+01
   1.24781612e+01   1.29128293e+01   2.57031607e+01   2.54223039e+01
   2.51533996e+01   2.49799859e+01   1.34292553e+01   1.35281827e+01
   2.45482440e+01   2.42559090e+01   2.41142345e+01   2.39745629e+01
   1.38025337e+01   2.34755799e+01   2.32701384e+01   2.32142715e+01
   1.43996579e+01   1.45693786e+01   2.29269176e+01   1.47651154e+01
   1.48510355e+01   2.27556495e+01   2.25311978e+01   1.50970668e+01
   1.52695323e+01   2.22237283e+01   2.22874195e+01   2.19390638e+01
   1.55158987e+01   2.16858446e+01   1.56538144e+01   2.13507809e+01
   1.59107893e+01   1.59990012e+01   2.12050480e+01   2.09836548e+01
   1.61513506e+01   1.64618795e+01   1.63480752e+01   2.08924382e+01
   1.68070779e+01   1.69541540e+01   1.71087793e+01   2.06946824e+01
   2.02058069e+01   2.01123128e+01   1.73525279e+01   1.99334764e+01
   1.76462127e+01   1.85588207e+01   1.89103717e+01   1.96567824e+01
   1.94115585e+01   1.91667300e+01   1.82441069e+01   1.95657297e+01
   1.80661177e+01   1.81276165e+01   1.78257224e+01   1.89812087e+01]


Matriz Laplaciana do grafo: 10
[[10  0  0 ...,  0  0  0]
 [ 0 12  0 ...,  0  0  0]
 [ 0  0 12 ...,  0  0  0]
 ..., 
 [ 0  0  0 ..., 27  0 -1]
 [ 0  0  0 ...,  0 28  0]
 [ 0  0  0 ..., -1  0 29]]

Autovalores: 
[  2.10451835e-16   3.18473232e+01   8.99021579e+00   3.10552181e+01
   3.02762155e+01   2.98426507e+01   1.01801795e+01   2.90247627e+01
   2.86460215e+01   2.83764629e+01   1.07257094e+01   2.79106489e+01
   2.75344598e+01   2.73989801e+01   1.13023456e+01   2.69331057e+01
   2.68811383e+01   1.16207379e+01   2.66759277e+01   1.25970231e+01
   1.27649670e+01   2.58711730e+01   2.57651094e+01   2.54119713e+01
   1.29225002e+01   2.51129366e+01   1.32243579e+01   2.49089470e+01
   1.35792127e+01   2.47248227e+01   2.45533230e+01   2.43085454e+01
   2.40999180e+01   1.37343501e+01   2.39963863e+01   2.38720954e+01
   1.42386202e+01   2.36130267e+01   1.44309749e+01   2.31008975e+01
   2.29629309e+01   1.46747471e+01   1.47370541e+01   2.28042599e+01
   2.25997704e+01   1.48639232e+01   1.51549658e+01   2.20534721e+01
   2.23545844e+01   1.54188075e+01   2.17794966e+01   1.52903882e+01
   2.16929759e+01   1.57673566e+01   2.13560781e+01   2.11104100e+01
   1.61523739e+01   1.62458356e+01   1.63708634e+01   1.65473718e+01
   1.68057648e+01   2.09427639e+01   2.06626703e+01   1.72153054e+01
   2.02926368e+01   1.74051184e+01   2.00011735e+01   1.98583677e+01
   1.79390463e+01   1.78996676e+01   2.01866070e+01   1.94461520e+01
   1.84124403e+01   1.87353301e+01   1.88584231e+01   1.92770637e+01
   1.82034087e+01   1.93529888e+01   1.73086160e+01   1.92055281e+01]


