Matriz Laplaciana do grafo: 1
[[ 4  0 -1 ...,  0  0  0]
 [ 0  4  0 ..., -1  0  0]
 [-1  0  6 ...,  0  0  0]
 ..., 
 [ 0 -1  0 ..., 19  0  0]
 [ 0  0  0 ...,  0 21  0]
 [ 0  0  0 ...,  0  0 21]]

Autovalores: 
[  7.10542736e-15   2.36313802e+01   2.30961385e+01   2.19659266e+01
   2.14322113e+01   2.06447678e+01   2.05227433e+01   2.00228216e+01
   1.94754373e+01   3.18057627e+00   3.32950205e+00   1.92023151e+01
   1.90181284e+01   1.87830020e+01   1.85496114e+01   1.83122311e+01
   1.80231182e+01   1.78282947e+01   1.76404107e+01   5.04539463e+00
   1.73966267e+01   1.72825986e+01   5.19125004e+00   1.69241185e+01
   1.65763939e+01   1.63457110e+01   1.65200311e+01   5.47693298e+00
   5.55905699e+00   5.57139002e+00   1.62555304e+01   1.62045865e+01
   5.83584604e+00   5.81026350e+00   6.06716846e+00   1.58199247e+01
   1.57627501e+01   1.55787448e+01   6.19824836e+00   1.52261412e+01
   6.39235481e+00   6.40574593e+00   6.55598376e+00   6.66433167e+00
   6.78066262e+00   1.48799572e+01   1.48187825e+01   1.46647895e+01
   1.45306347e+01   7.00422768e+00   7.29826184e+00   7.26099656e+00
   1.40969228e+01   1.40392885e+01   1.39566194e+01   7.54916572e+00
   1.37455294e+01   7.68671123e+00   1.35144287e+01   7.83149640e+00
   7.91729683e+00   1.34006192e+01   1.32152365e+01   1.30813630e+01
   8.16377820e+00   8.31310659e+00   1.28635579e+01   1.27978690e+01
   1.25080073e+01   8.54264368e+00   8.61173650e+00   8.68264935e+00
   8.74721067e+00   8.83971789e+00   9.04834276e+00   9.08150835e+00
   9.52876777e+00   9.40205410e+00   1.22163375e+01   9.58998613e+00
   9.24653482e+00   9.79416602e+00   9.99634679e+00   1.04231680e+01
   1.22879883e+01   1.19858186e+01   1.06985279e+01   1.11788131e+01
   1.10697492e+01   1.02978641e+01   1.01745226e+01   1.15290309e+01
   1.17262720e+01   1.14242357e+01   1.18703472e+01   1.08816715e+01
   1.18378074e+01   9.72185251e+00   1.08658903e+01   1.14533884e+01]


Matriz Laplaciana do grafo: 2
[[ 4  0 -1 ...,  0  0  0]
 [ 0  6  0 ..., -1  0  0]
 [-1  0  7 ..., -1  0 -1]
 ..., 
 [ 0 -1 -1 ..., 18  0 -1]
 [ 0  0  0 ...,  0 19 -1]
 [ 0  0 -1 ..., -1 -1 24]]

Autovalores: 
[  2.58120902e+01  -2.00539096e-16   2.14006538e+01   3.26245352e+00
   2.07565541e+01   2.05413804e+01   2.02483479e+01   1.94908416e+01
   1.93336152e+01   1.90520260e+01   4.78291887e+00   1.87818348e+01
   1.86213783e+01   1.82684542e+01   1.77342720e+01   5.14320581e+00
   5.23321181e+00   5.29683960e+00   5.49126541e+00   1.77961805e+01
   1.75541188e+01   1.73204537e+01   1.71232518e+01   1.69951223e+01
   5.85944648e+00   1.65596104e+01   1.64249873e+01   6.12254377e+00
   6.20886079e+00   6.50960312e+00   1.62843259e+01   1.58194510e+01
   1.59382180e+01   1.60034391e+01   1.56665729e+01   6.65177129e+00
   6.72019364e+00   1.54957466e+01   1.53201282e+01   1.52350752e+01
   6.93066097e+00   6.91105306e+00   1.50672833e+01   7.19580116e+00
   1.49234885e+01   7.34942392e+00   1.47812315e+01   7.44674809e+00
   1.44642697e+01   1.43640657e+01   7.71168818e+00   1.43285159e+01
   7.75238110e+00   7.86881836e+00   1.39229191e+01   7.97269534e+00
   1.37715644e+01   1.36457523e+01   8.14911097e+00   8.22442967e+00
   1.35558944e+01   8.38818135e+00   8.60715051e+00   8.71505920e+00
   1.32917414e+01   1.32468972e+01   1.31442453e+01   1.30411069e+01
   8.79790014e+00   8.94929804e+00   9.08828588e+00   9.16727996e+00
   1.26191304e+01   1.25786681e+01   1.24505385e+01   9.29606595e+00
   9.39419515e+00   9.82118589e+00   9.67992380e+00   1.22248934e+01
   1.18055206e+01   9.95184897e+00   1.20419952e+01   1.16823244e+01
   1.23634293e+01   1.08246494e+01   1.09071278e+01   1.04582336e+01
   1.15991971e+01   1.02427073e+01   1.00849629e+01   1.11254909e+01
   1.21017043e+01   1.12182175e+01   1.13746202e+01   8.85448485e+00
   9.56643105e+00   1.05497351e+01   1.01404073e+01   1.14069252e+01]


Matriz Laplaciana do grafo: 3
[[ 4  0 -1 ...,  0  0  0]
 [ 0  5  0 ...,  0  0  0]
 [-1  0  6 ..., -1  0 -1]
 ..., 
 [ 0  0 -1 ..., 20 -1 -1]
 [ 0  0  0 ..., -1 20 -1]
 [ 0  0 -1 ..., -1 -1 21]]

Autovalores: 
[ -3.55271368e-15   2.34929948e+01   2.27892131e+01   2.23489868e+01
   2.15481545e+01   2.12641448e+01   2.07426282e+01   3.29348651e+00
   1.96960994e+01   1.95392702e+01   1.90939142e+01   1.87975229e+01
   4.08000303e+00   4.34427426e+00   1.85993359e+01   1.85117568e+01
   1.80561356e+01   1.79981899e+01   4.80844747e+00   4.99411004e+00
   5.25193141e+00   1.78217297e+01   1.71785053e+01   1.75179773e+01
   1.74767813e+01   1.67883963e+01   5.49235334e+00   1.67033738e+01
   1.64982894e+01   1.65804679e+01   5.79476040e+00   5.94125976e+00
   5.97320126e+00   1.60732767e+01   1.59838614e+01   1.56992391e+01
   1.55555274e+01   6.26894800e+00   1.56062058e+01   6.41803608e+00
   1.51182759e+01   1.49376722e+01   6.67195614e+00   6.68961641e+00
   1.47855871e+01   6.84243396e+00   1.46032598e+01   7.00181925e+00
   7.18214484e+00   1.42295107e+01   1.41838092e+01   7.31327604e+00
   1.39989104e+01   7.47959975e+00   7.53532328e+00   1.37809091e+01
   1.36549499e+01   7.75883924e+00   7.87298009e+00   7.98878024e+00
   1.33707531e+01   1.35430532e+01   1.31447911e+01   1.30424271e+01
   8.06941324e+00   8.18098354e+00   8.23360277e+00   8.44414008e+00
   8.66005509e+00   8.71070749e+00   1.28877159e+01   1.27410819e+01
   1.26748393e+01   1.23900225e+01   9.13703026e+00   9.05082406e+00
   9.39486441e+00   8.95733838e+00   8.99184994e+00   9.49917731e+00
   1.22752503e+01   1.18121763e+01   1.19886925e+01   1.16251218e+01
   1.14337172e+01   1.10470280e+01   1.09363296e+01   1.01443846e+01
   1.12113093e+01   1.00361970e+01   1.06865687e+01   1.21428949e+01
   9.93600641e+00   1.03326308e+01   1.05357579e+01   9.91728951e+00
   1.12564721e+01   1.20267102e+01   1.08491645e+01   1.04291841e+01]


Matriz Laplaciana do grafo: 4
[[ 5  0  0 ...,  0  0  0]
 [ 0  6  0 ...,  0  0 -1]
 [ 0  0  6 ...,  0  0  0]
 ..., 
 [ 0  0  0 ..., 19  0 -1]
 [ 0  0  0 ...,  0 20  0]
 [ 0 -1  0 ..., -1  0 23]]

Autovalores: 
[  2.49930695e+01   2.25767678e+01  -8.04519101e-16   2.14478836e+01
   2.08322371e+01   2.02812911e+01   1.96835346e+01   1.96148900e+01
   1.93994544e+01   3.97862633e+00   1.89957489e+01   1.87481553e+01
   4.64427663e+00   4.89572456e+00   4.80260236e+00   1.82827880e+01
   1.81070670e+01   1.78038153e+01   1.76592656e+01   1.72551864e+01
   5.36690072e+00   1.69641830e+01   1.68644576e+01   5.55575933e+00
   1.67084533e+01   1.66722876e+01   5.70569102e+00   1.65209599e+01
   5.98365354e+00   1.62407258e+01   6.13982728e+00   1.60980567e+01
   1.60069672e+01   1.58625573e+01   6.19080433e+00   6.40848769e+00
   1.56594320e+01   1.55231516e+01   6.55653993e+00   6.60784066e+00
   6.84509257e+00   7.00374498e+00   1.50138510e+01   1.49027428e+01
   1.48222829e+01   1.46786852e+01   1.47506470e+01   1.44087763e+01
   7.12667959e+00   7.21716802e+00   7.40796343e+00   1.42601498e+01
   1.40845728e+01   1.40629446e+01   7.51491553e+00   1.38170147e+01
   1.37883199e+01   7.67800673e+00   7.75568263e+00   7.80267155e+00
   1.35155095e+01   1.34071104e+01   8.05596798e+00   8.19677743e+00
   1.30631037e+01   1.29222466e+01   1.29434551e+01   1.26505352e+01
   8.46834213e+00   8.50442937e+00   8.61759276e+00   8.68968611e+00
   8.82350810e+00   1.23777336e+01   1.23441944e+01   1.22049457e+01
   1.21220429e+01   9.08487205e+00   9.09566485e+00   1.19262022e+01
   1.17658382e+01   9.36070610e+00   9.45868193e+00   9.64193186e+00
   9.86213627e+00   1.10603422e+01   1.13699765e+01   9.93250225e+00
   1.12459569e+01   1.08714974e+01   1.03532274e+01   1.02569606e+01
   1.00212965e+01   1.05602984e+01   1.13444072e+01   1.07687637e+01
   1.04845871e+01   1.17911282e+01   9.53102598e+00   1.07237822e+01]


Matriz Laplaciana do grafo: 5
[[ 3  0  0 ...,  0  0  0]
 [ 0  6  0 ..., -1  0  0]
 [ 0  0  6 ...,  0  0  0]
 ..., 
 [ 0 -1  0 ..., 18  0  0]
 [ 0  0  0 ...,  0 19  0]
 [ 0  0  0 ...,  0  0 19]]

Autovalores: 
[  7.10542736e-15   2.20153863e+01   2.12382573e+01   2.09197917e+01
   2.06611638e+01   2.00492471e+01   2.75623502e+00   1.97099238e+01
   1.94674901e+01   1.90574738e+01   1.88625307e+01   1.85849164e+01
   1.84081291e+01   1.79741853e+01   4.86646046e+00   4.93131759e+00
   1.77850190e+01   5.17594810e+00   1.75483566e+01   5.40993336e+00
   5.53905932e+00   1.73193287e+01   1.69649866e+01   1.68786909e+01
   1.67948987e+01   1.66583341e+01   5.75526049e+00   5.83037211e+00
   6.17168942e+00   1.63769279e+01   1.61390478e+01   1.60690951e+01
   1.57531827e+01   1.56559441e+01   6.50001357e+00   1.54357760e+01
   6.62182904e+00   6.70075121e+00   6.87609501e+00   1.52939981e+01
   1.48001080e+01   1.49683742e+01   1.49406500e+01   1.46730662e+01
   7.16144376e+00   7.23078164e+00   7.32786380e+00   1.44479047e+01
   1.42841116e+01   7.44210660e+00   1.42467310e+01   7.56819623e+00
   1.40429222e+01   1.40239459e+01   1.37410899e+01   7.87856325e+00
   7.85555926e+00   1.35542133e+01   1.34918653e+01   8.06313671e+00
   8.13942798e+00   1.33901019e+01   8.32500624e+00   8.40877392e+00
   1.31990948e+01   1.30251914e+01   8.51358308e+00   1.28747911e+01
   1.26620428e+01   1.28269167e+01   8.79813188e+00   1.24553704e+01
   8.87194146e+00   1.23312521e+01   8.94040048e+00   9.11094487e+00
   1.21506927e+01   1.20688089e+01   1.17920351e+01   1.20052019e+01
   9.65552323e+00   9.54845217e+00   9.31710790e+00   9.91235916e+00
   1.00532191e+01   1.15253706e+01   1.02176095e+01   1.09002310e+01
   1.09958824e+01   1.10911083e+01   1.03708599e+01   1.13823780e+01
   9.41513419e+00   9.23288958e+00   1.06989954e+01   9.80669142e+00
   1.05482886e+01   1.03993117e+01   1.13172933e+01   1.12219050e+01]


Matriz Laplaciana do grafo: 6
[[ 2  0  0 ..., -1  0  0]
 [ 0  4  0 ...,  0  0  0]
 [ 0  0  5 ...,  0  0  0]
 ..., 
 [-1  0  0 ..., 18 -1  0]
 [ 0  0  0 ..., -1 20  0]
 [ 0  0  0 ...,  0  0 23]]

Autovalores: 
[  2.48384316e+01   5.84636912e-15   2.24686866e+01   1.81937021e+00
   2.09615197e+01   3.44888187e+00   2.06739458e+01   2.00126117e+01
   1.97765072e+01   1.95937108e+01   1.93944909e+01   1.89522047e+01
   4.20828204e+00   1.86431501e+01   1.84625232e+01   1.81724822e+01
   4.80257598e+00   1.80232852e+01   1.78591820e+01   5.04442199e+00
   5.07116902e+00   5.12266630e+00   5.30079740e+00   5.58756190e+00
   1.75390138e+01   1.75033585e+01   1.71962259e+01   1.69942969e+01
   1.66974604e+01   6.01523297e+00   6.37160266e+00   1.65326178e+01
   1.64175116e+01   1.60910476e+01   1.59771255e+01   6.55685843e+00
   6.47548276e+00   1.57624747e+01   1.54888824e+01   6.73665068e+00
   6.83951320e+00   6.91176953e+00   1.53487646e+01   7.20941443e+00
   1.52097399e+01   7.35695961e+00   7.46363834e+00   1.49801395e+01
   1.48927518e+01   7.74152025e+00   1.47559883e+01   1.44930335e+01
   7.95336762e+00   8.03619890e+00   1.44351751e+01   1.42963848e+01
   1.42308431e+01   8.13620388e+00   8.20111060e+00   1.39822414e+01
   8.34055188e+00   8.44368191e+00   1.38650012e+01   1.37576956e+01
   8.66069495e+00   1.35448000e+01   8.92687671e+00   1.34136771e+01
   1.33671304e+01   8.97541604e+00   9.14894780e+00   1.31324043e+01
   1.25449367e+01   1.27305686e+01   1.22664441e+01   9.33912589e+00
   1.21812298e+01   9.47009298e+00   9.38744785e+00   9.89606830e+00
   1.05031410e+01   1.06469404e+01   1.02956375e+01   1.01671514e+01
   1.29711909e+01   1.08180968e+01   9.67482328e+00   9.68498250e+00
   1.29376727e+01   1.18043095e+01   1.10978039e+01   1.12352310e+01
   1.09481497e+01   1.16059328e+01   1.01120086e+01   1.14236973e+01
   1.28848680e+01   1.15089997e+01   1.17547092e+01   1.14628023e+01]


Matriz Laplaciana do grafo: 7
[[ 4  0  0 ...,  0  0  0]
 [ 0  5  0 ...,  0  0  0]
 [ 0  0  6 ..., -1 -1  0]
 ..., 
 [ 0  0 -1 ..., 20 -1  0]
 [ 0  0 -1 ..., -1 20 -1]
 [ 0  0  0 ...,  0 -1 20]]

Autovalores: 
[  7.10542736e-15   2.30516531e+01   2.24679386e+01   2.16354470e+01
   2.11700626e+01   2.08725872e+01   2.05980820e+01   2.02664229e+01
   2.03900171e+01   3.39596123e+00   1.97600258e+01   1.91149284e+01
   1.89715626e+01   1.86746822e+01   4.46426488e+00   4.71677437e+00
   1.82982244e+01   1.81090855e+01   4.91761041e+00   1.78602421e+01
   1.75593326e+01   5.18271103e+00   1.71880372e+01   1.69766701e+01
   1.67049803e+01   5.45684499e+00   5.58894114e+00   5.71650592e+00
   1.62195939e+01   1.61919349e+01   6.20248317e+00   6.14454597e+00
   6.13723124e+00   1.59884470e+01   6.35482170e+00   6.49374930e+00
   1.58246159e+01   1.56146387e+01   1.57039896e+01   1.54060900e+01
   1.52185352e+01   1.49966391e+01   6.81672245e+00   7.01436738e+00
   6.88009375e+00   6.95042785e+00   1.47607101e+01   7.42392017e+00
   7.32414350e+00   1.46428468e+01   1.44646256e+01   7.57767526e+00
   7.61287950e+00   1.42342079e+01   1.40671061e+01   7.86148893e+00
   7.96315768e+00   1.39947013e+01   1.38179076e+01   8.18372555e+00
   1.36637748e+01   1.35659970e+01   8.38883485e+00   8.44194793e+00
   8.59866085e+00   8.74519942e+00   8.89144354e+00   1.32080265e+01
   1.32410373e+01   8.98303938e+00   9.09560891e+00   9.23198358e+00
   9.31209540e+00   1.30025531e+01   1.28953754e+01   9.46745168e+00
   1.26930693e+01   9.62511520e+00   1.25888330e+01   9.81926330e+00
   1.00350536e+01   1.21555390e+01   1.21217386e+01   1.23161653e+01
   1.07982011e+01   1.08837273e+01   1.04051534e+01   1.02313530e+01
   1.11854753e+01   1.12295535e+01   1.14436897e+01   1.02793353e+01
   1.01172513e+01   1.18766101e+01   1.18561459e+01   1.16943999e+01
   1.15771537e+01   1.05352262e+01   1.09870520e+01   1.16142464e+01]


Matriz Laplaciana do grafo: 8
[[ 5  0  0 ...,  0  0  0]
 [ 0  5  0 ...,  0  0  0]
 [ 0  0  5 ...,  0  0  0]
 ..., 
 [ 0  0  0 ..., 20  0 -1]
 [ 0  0  0 ...,  0 20  0]
 [ 0  0  0 ..., -1  0 21]]

Autovalores: 
[  2.13162821e-14   2.36662303e+01   2.29326879e+01   2.19015374e+01
   2.12839109e+01   2.10101154e+01   2.02731359e+01   1.97859433e+01
   1.97001079e+01   4.23334506e+00   1.95492365e+01   1.85749086e+01
   1.84382003e+01   1.83553586e+01   1.80665646e+01   4.29197864e+00
   4.32276825e+00   1.78922427e+01   1.74821836e+01   4.90506038e+00
   5.39537110e+00   1.74101855e+01   1.71497192e+01   1.70668019e+01
   1.69258832e+01   1.67075858e+01   1.62790570e+01   5.68250663e+00
   1.61326024e+01   1.60151665e+01   5.80358647e+00   5.87472617e+00
   1.57705302e+01   5.97479768e+00   1.55376834e+01   1.53802208e+01
   6.15091075e+00   6.25559278e+00   1.50266973e+01   1.49811944e+01
   6.57133396e+00   6.71191380e+00   1.47803372e+01   6.82704228e+00
   1.46527930e+01   1.44571186e+01   1.43050335e+01   7.04245067e+00
   7.11741848e+00   7.15790592e+00   7.31795775e+00   1.41115308e+01
   1.39650697e+01   7.54697717e+00   1.38741059e+01   7.59175303e+00
   7.66907054e+00   7.79623055e+00   1.36200244e+01   1.35541299e+01
   1.33741684e+01   8.02046580e+00   8.12858208e+00   1.34959419e+01
   1.30837756e+01   1.30055036e+01   8.31821702e+00   1.27249282e+01
   1.25614856e+01   1.23899689e+01   8.44920281e+00   8.58544855e+00
   8.62690972e+00   1.21469296e+01   1.19366105e+01   1.18596718e+01
   8.84990544e+00   9.39009661e+00   9.22846282e+00   9.13260450e+00
   9.01433596e+00   9.50556809e+00   1.07221299e+01   9.59764389e+00
   8.95153900e+00   1.09309479e+01   1.09953791e+01   1.16833526e+01
   1.03374457e+01   1.00835532e+01   9.94530612e+00   1.15254912e+01
   1.11490124e+01   1.13604311e+01   1.12975572e+01   1.02411301e+01
   1.02131224e+01   9.84127019e+00   1.14854255e+01   1.29539462e+01]


Matriz Laplaciana do grafo: 9
[[ 6  0  0 ...,  0  0 -1]
 [ 0  6  0 ...,  0  0  0]
 [ 0  0  6 ...,  0  0  0]
 ..., 
 [ 0  0  0 ..., 18 -1  0]
 [ 0  0  0 ..., -1 19  0]
 [-1  0  0 ...,  0  0 22]]

Autovalores: 
[  2.41776074e+01  -1.08883578e-16   2.18501455e+01   2.16130383e+01
   2.07273361e+01   2.04881534e+01   2.03098066e+01   1.99767367e+01
   1.96661543e+01   1.93489880e+01   1.92577798e+01   1.85848244e+01
   1.83695344e+01   1.83192585e+01   4.55927214e+00   1.80959582e+01
   1.78506456e+01   1.78418690e+01   4.72392494e+00   1.72357454e+01
   5.03364319e+00   5.13990509e+00   5.38557263e+00   5.55171964e+00
   1.69963648e+01   1.68513743e+01   5.62925069e+00   1.65361009e+01
   1.64369432e+01   1.63332340e+01   1.61311019e+01   5.92814461e+00
   1.58988883e+01   1.57975151e+01   1.56416296e+01   6.05978110e+00
   6.14364776e+00   6.22452704e+00   6.34612016e+00   1.52918893e+01
   6.56426420e+00   6.46572352e+00   1.51146689e+01   1.47988472e+01
   6.73936583e+00   6.82685872e+00   7.06704112e+00   1.46654529e+01
   7.10847850e+00   1.45049883e+01   7.19265307e+00   1.44068067e+01
   7.41939859e+00   7.55186483e+00   1.41431047e+01   7.67035021e+00
   7.81889508e+00   7.89983047e+00   7.96149391e+00   1.40783333e+01
   1.38838579e+01   8.11742087e+00   1.37335089e+01   8.33142292e+00
   1.35143668e+01   1.34443810e+01   8.55921259e+00   8.58584843e+00
   8.76386912e+00   8.85324593e+00   1.33215551e+01   1.30989657e+01
   1.29457307e+01   1.27897881e+01   9.08982407e+00   9.08270185e+00
   1.25438591e+01   1.22742871e+01   1.22116741e+01   1.18859572e+01
   1.15751793e+01   1.03208797e+01   1.04078484e+01   1.01559007e+01
   1.11086060e+01   1.10222068e+01   1.08995294e+01   1.14422993e+01
   9.51088625e+00   9.65371740e+00   9.75118844e+00   1.07333518e+01
   1.17422584e+01   1.32482414e+01   1.24731270e+01   9.43442762e+00
   9.89213069e+00   9.92217850e+00   1.12830272e+01   1.20389861e+01]


Matriz Laplaciana do grafo: 10
[[ 5  0  0 ...,  0  0  0]
 [ 0  5  0 ..., -1  0  0]
 [ 0  0  6 ...,  0  0 -1]
 ..., 
 [ 0 -1  0 ..., 18  0  0]
 [ 0  0  0 ...,  0 19  0]
 [ 0  0 -1 ...,  0  0 20]]

Autovalores: 
[ -3.55271368e-15   2.22239920e+01   2.17991985e+01   2.07303617e+01
   2.06467129e+01   2.02405015e+01   1.99474085e+01   3.86757210e+00
   4.17172205e+00   1.95626120e+01   1.89980254e+01   4.88561185e+00
   1.86489615e+01   1.83990480e+01   1.81858622e+01   1.78958300e+01
   5.28156314e+00   5.40225210e+00   1.78277658e+01   1.75473942e+01
   1.74894961e+01   1.73427128e+01   5.67069764e+00   5.87266980e+00
   6.01131755e+00   1.69561569e+01   1.68460320e+01   1.67034070e+01
   6.21640166e+00   1.64905164e+01   6.39536838e+00   6.43515827e+00
   1.61562383e+01   1.60200423e+01   1.59728514e+01   6.66381831e+00
   6.77400607e+00   6.90590408e+00   7.05837285e+00   7.19172043e+00
   1.55421600e+01   1.54476812e+01   1.52630010e+01   1.51231797e+01
   7.42990762e+00   1.50587671e+01   7.48475185e+00   1.49002653e+01
   7.61504460e+00   1.46199234e+01   1.46461342e+01   7.76680491e+00
   7.80122603e+00   1.44076806e+01   8.06445518e+00   1.42356112e+01
   1.40596022e+01   8.25980682e+00   8.18169370e+00   8.34368700e+00
   1.40033939e+01   1.38968106e+01   1.36571575e+01   8.54380209e+00
   8.67927534e+00   1.34746907e+01   8.90264809e+00   9.02227675e+00
   1.32961190e+01   1.29836212e+01   1.29111935e+01   1.27772715e+01
   9.42477027e+00   1.25986392e+01   9.17036553e+00   9.71179328e+00
   9.20857714e+00   1.24258853e+01   1.23408760e+01   9.80935801e+00
   9.21998547e+00   1.21047358e+01   1.19616348e+01   1.17514699e+01
   1.00156551e+01   1.01043855e+01   1.12926710e+01   1.05302692e+01
   1.14784766e+01   1.11018082e+01   1.01298898e+01   1.20340595e+01
   1.32623337e+01   1.09891893e+01   1.07091421e+01   1.14931289e+01
   1.07881435e+01   1.08848300e+01   1.08704595e+01   1.07525399e+01]


