Matriz Laplaciana do grafo: 1
[[12 -1 -1 ..., -1  0  0]
 [-1 12  0 ...,  0  0  0]
 [-1  0 12 ...,  0 -1  0]
 ..., 
 [-1  0  0 ..., 27  0  0]
 [ 0  0 -1 ...,  0 28  0]
 [ 0  0  0 ...,  0  0 29]]

Autovalores: 
[  8.65845577e-17   3.21613246e+01   9.70503484e+00   3.10064801e+01
   3.05690296e+01   3.04403228e+01   2.99768358e+01   2.98939188e+01
   2.93232658e+01   2.91105534e+01   1.05061926e+01   2.89054767e+01
   2.86041695e+01   2.85047704e+01   1.05583253e+01   2.80357701e+01
   1.10851485e+01   1.14752472e+01   1.16070959e+01   2.77440393e+01
   2.75900969e+01   2.69128409e+01   2.68022845e+01   1.19569062e+01
   2.64013251e+01   1.21200662e+01   1.23148342e+01   2.61484396e+01
   1.26835817e+01   1.28387271e+01   2.59905096e+01   2.58065329e+01
   2.57119550e+01   1.29845214e+01   2.52495979e+01   2.54294270e+01
   2.49885260e+01   1.33103415e+01   1.34237208e+01   1.36476368e+01
   2.46883726e+01   2.43761781e+01   1.39234739e+01   1.42010014e+01
   1.42518546e+01   2.40767216e+01   2.39683747e+01   2.38231918e+01
   1.44768958e+01   2.35928120e+01   2.34186842e+01   2.31570719e+01
   1.47495191e+01   1.48621045e+01   1.50552025e+01   1.51496884e+01
   2.30577832e+01   1.54037127e+01   1.55418929e+01   2.27409470e+01
   2.26943385e+01   2.25235484e+01   1.56236348e+01   2.24026805e+01
   1.58015365e+01   2.21516415e+01   1.59034573e+01   1.61689869e+01
   1.59776030e+01   2.20329301e+01   2.18657722e+01   1.64970427e+01
   2.16015087e+01   1.66953144e+01   1.68586478e+01   1.69102671e+01
   2.13948309e+01   1.71577745e+01   2.12790196e+01   1.74492708e+01
   2.08897052e+01   1.75923830e+01   2.06695301e+01   1.77876233e+01
   1.97536488e+01   1.98783506e+01   1.94889794e+01   1.80779739e+01
   2.01215463e+01   1.79124221e+01   1.84853466e+01   1.91584670e+01
   1.88756816e+01   1.86851361e+01   2.05023026e+01   2.03335663e+01
   1.82082663e+01   1.92720502e+01   2.04548218e+01   1.88220371e+01]


Matriz Laplaciana do grafo: 2
[[ 9 -1  0 ...,  0  0  0]
 [-1 11  0 ...,  0  0  0]
 [ 0  0 13 ..., -1  0 -1]
 ..., 
 [ 0  0 -1 ..., 27  0 -1]
 [ 0  0  0 ...,  0 27  0]
 [ 0  0 -1 ..., -1  0 36]]

Autovalores: 
[  7.10542736e-15   3.77768610e+01   7.99188661e+00   1.01845361e+01
   3.08088072e+01   3.04457091e+01   3.03229131e+01   2.92427556e+01
   2.90748893e+01   1.11239810e+01   1.12709369e+01   2.86273409e+01
   2.82088141e+01   2.78486135e+01   2.77788694e+01   1.19038918e+01
   1.20711067e+01   2.76435678e+01   2.72243389e+01   2.70840194e+01
   1.25543737e+01   1.27053896e+01   1.30010541e+01   1.30608362e+01
   1.31381102e+01   2.65186891e+01   2.62305290e+01   2.61483279e+01
   1.34549635e+01   2.58317431e+01   2.57257097e+01   1.36829769e+01
   1.37208265e+01   2.55289184e+01   2.54294749e+01   1.40397780e+01
   2.52213780e+01   1.41630690e+01   2.50325680e+01   1.44248183e+01
   1.45530435e+01   2.47524367e+01   2.46107161e+01   1.48237651e+01
   1.50293322e+01   2.42743013e+01   2.43149547e+01   2.39685450e+01
   1.51031687e+01   1.51897803e+01   1.53132065e+01   1.56049310e+01
   2.36476677e+01   2.34731849e+01   1.58238111e+01   1.59640319e+01
   2.33092656e+01   1.61556481e+01   1.63236651e+01   2.30354195e+01
   2.29574599e+01   2.28257557e+01   1.64314605e+01   1.65045363e+01
   1.68431206e+01   2.26400243e+01   1.70583964e+01   1.71917941e+01
   2.22338580e+01   2.21296466e+01   2.20655163e+01   2.20087292e+01
   1.73810984e+01   1.75006307e+01   1.76873893e+01   1.77777205e+01
   2.18153164e+01   2.18311101e+01   1.87958282e+01   1.89735800e+01
   1.91353684e+01   1.84673212e+01   1.81530547e+01   2.11642459e+01
   2.10129456e+01   1.93679631e+01   2.13346286e+01   2.06426099e+01
   1.98789875e+01   1.96630579e+01   2.00680871e+01   2.03735672e+01
   1.79877432e+01   1.95839714e+01   2.08213639e+01   1.83736196e+01
   2.04377701e+01   2.13123138e+01   2.01478595e+01   1.79023026e+01]


Matriz Laplaciana do grafo: 3
[[11 -1  0 ...,  0  0  0]
 [-1 12  0 ...,  0  0  0]
 [ 0  0 12 ...,  0  0  0]
 ..., 
 [ 0  0  0 ..., 28 -1  0]
 [ 0  0  0 ..., -1 28  0]
 [ 0  0  0 ...,  0  0 28]]

Autovalores: 
[  4.34532340e-15   3.22465253e+01   3.17072159e+01   3.12748992e+01
   9.51514832e+00   3.05191402e+01   3.01762698e+01   2.97940312e+01
   2.93481980e+01   2.91170956e+01   1.04499567e+01   1.05843975e+01
   1.11758968e+01   1.15418087e+01   2.86309180e+01   2.83949095e+01
   2.78692097e+01   2.75797132e+01   2.75254235e+01   2.71297617e+01
   1.18874610e+01   1.20354351e+01   1.22162295e+01   2.68856457e+01
   2.66501517e+01   2.68161119e+01   2.62712299e+01   1.25745082e+01
   1.26565865e+01   2.61052101e+01   1.28607122e+01   1.30149660e+01
   1.32025209e+01   2.59922974e+01   2.56592296e+01   2.54545599e+01
   2.53136272e+01   1.34690446e+01   2.51650524e+01   1.37857776e+01
   1.37053985e+01   1.37138252e+01   2.46438385e+01   1.41335080e+01
   2.45347177e+01   1.42403322e+01   1.44804151e+01   2.41864149e+01
   2.39571730e+01   2.38657779e+01   1.46740132e+01   1.49494997e+01
   1.47325598e+01   1.52072581e+01   2.34285875e+01   2.33349793e+01
   2.32339355e+01   2.29486471e+01   2.27957914e+01   2.24507964e+01
   1.55112576e+01   1.57948301e+01   1.59229471e+01   1.59805710e+01
   1.62279541e+01   2.23054970e+01   2.21285056e+01   1.67247536e+01
   1.64862380e+01   1.68892793e+01   1.69612889e+01   1.64258458e+01
   1.72843838e+01   2.19821155e+01   1.74184769e+01   2.18372825e+01
   1.76742606e+01   1.79206843e+01   2.15605081e+01   1.81498136e+01
   2.12329643e+01   1.83745837e+01   1.86870081e+01   2.09275124e+01
   2.06564848e+01   2.13950427e+01   2.03935169e+01   1.91764697e+01
   2.05187036e+01   1.99364514e+01   1.93149507e+01   1.94780849e+01
   1.77672205e+01   1.92692467e+01   1.89851698e+01   2.01651281e+01
   2.08304452e+01   1.99960185e+01   1.84897321e+01   2.14044275e+01]


Matriz Laplaciana do grafo: 4
[[ 9 -1  0 ...,  0 -1  0]
 [-1 12  0 ...,  0 -1  0]
 [ 0  0 12 ...,  0  0  0]
 ..., 
 [ 0  0  0 ..., 28 -1  0]
 [-1 -1  0 ..., -1 29 -1]
 [ 0  0  0 ...,  0 -1 32]]

Autovalores: 
[  4.32143018e-15   3.42473333e+01   8.16408502e+00   3.19149834e+01
   3.15186425e+01   3.08284474e+01   3.01549515e+01   1.01619512e+01
   2.95139122e+01   1.03742168e+01   1.06279387e+01   2.90566607e+01
   1.10392394e+01   1.14369303e+01   1.16573607e+01   2.85835490e+01
   2.81821857e+01   2.81698849e+01   2.80118168e+01   2.78438106e+01
   1.21355435e+01   1.23628603e+01   2.70790298e+01   2.68824588e+01
   1.26415205e+01   1.30232705e+01   1.33030228e+01   2.67104726e+01
   2.65489435e+01   2.61874949e+01   2.59623593e+01   1.34539593e+01
   2.57993015e+01   1.36161428e+01   1.36579923e+01   1.38184436e+01
   2.55022823e+01   2.54472775e+01   1.40849836e+01   1.42698040e+01
   2.51224998e+01   1.43614378e+01   1.44821738e+01   1.48511088e+01
   1.48764860e+01   2.48430721e+01   1.51883275e+01   2.46721978e+01
   2.45519939e+01   2.43955603e+01   1.54198535e+01   2.40796375e+01
   2.39517359e+01   1.57537472e+01   2.35447305e+01   1.58247798e+01
   2.34836955e+01   1.60666768e+01   1.62289348e+01   1.64124476e+01
   1.65075863e+01   2.32113541e+01   2.30607919e+01   1.68429004e+01
   1.70311775e+01   2.28955534e+01   1.71085735e+01   2.27947556e+01
   2.25384916e+01   1.73165144e+01   1.74665758e+01   1.75758621e+01
   2.21492642e+01   1.78967810e+01   2.18143122e+01   2.19851864e+01
   2.15260054e+01   2.14030486e+01   1.84317243e+01   1.86746176e+01
   1.87911117e+01   1.80814343e+01   1.82429798e+01   2.12277198e+01
   2.20744862e+01   1.93947211e+01   1.95977209e+01   2.10357279e+01
   1.91152526e+01   2.04995509e+01   1.98150152e+01   2.07111410e+01
   1.80145739e+01   1.99394747e+01   2.02248179e+01   2.00947453e+01
   2.01623428e+01   2.09154980e+01   2.26075907e+01   1.91368592e+01]


Matriz Laplaciana do grafo: 5
[[ 6 -1  0 ...,  0  0  0]
 [-1 10  0 ...,  0  0  0]
 [ 0  0 11 ...,  0 -1 -1]
 ..., 
 [ 0  0  0 ..., 29 -1  0]
 [ 0  0 -1 ..., -1 29  0]
 [ 0  0 -1 ...,  0  0 29]]

Autovalores: 
[ -1.41227419e-15   5.39766540e+00   3.25697246e+01   3.19439711e+01
   3.11788942e+01   3.03240145e+01   3.00844827e+01   9.34920137e+00
   9.91670558e+00   1.07287657e+01   2.92033687e+01   2.90608249e+01
   2.87250798e+01   2.86902066e+01   2.83469722e+01   1.10726799e+01
   1.18390616e+01   1.19801366e+01   2.80825448e+01   2.78892860e+01
   2.74794142e+01   2.74329479e+01   1.22766140e+01   2.69418649e+01
   2.65891510e+01   2.63040115e+01   2.60094655e+01   1.24576962e+01
   1.29706137e+01   1.28362134e+01   1.27738485e+01   1.31911475e+01
   2.57317418e+01   2.56587454e+01   1.34114685e+01   1.35932859e+01
   2.53986139e+01   2.52615491e+01   2.51169324e+01   1.39742418e+01
   1.43202772e+01   2.49102413e+01   2.46277481e+01   2.44819710e+01
   1.44359015e+01   1.45910877e+01   2.42138850e+01   2.39425806e+01
   1.47490204e+01   1.50150375e+01   2.37686430e+01   1.53106135e+01
   2.36405897e+01   2.35188261e+01   1.54152789e+01   2.33545309e+01
   2.30992440e+01   2.29248464e+01   1.59101250e+01   1.56392364e+01
   1.56799708e+01   1.62719746e+01   1.57121578e+01   2.26743546e+01
   2.23999935e+01   1.66083571e+01   1.67668880e+01   2.21957952e+01
   2.21211243e+01   1.69655428e+01   1.70258502e+01   1.71583873e+01
   2.18890327e+01   2.17495721e+01   2.16776660e+01   1.73700995e+01
   1.74060325e+01   2.14314400e+01   1.76667512e+01   2.12817844e+01
   2.10980783e+01   2.09993791e+01   1.78158989e+01   1.80259857e+01
   1.86128655e+01   1.89896949e+01   1.91546150e+01   1.92302265e+01
   1.83768374e+01   2.06680222e+01   1.98407049e+01   1.99369834e+01
   2.00799174e+01   2.04897898e+01   1.96193621e+01   1.87947136e+01
   2.05029600e+01   1.79516130e+01   1.84564182e+01   1.96403220e+01]


Matriz Laplaciana do grafo: 6
[[10  0 -1 ...,  0  0  0]
 [ 0 13  0 ...,  0  0  0]
 [-1  0 14 ...,  0  0  0]
 ..., 
 [ 0  0  0 ..., 27  0  0]
 [ 0  0  0 ...,  0 27  0]
 [ 0  0  0 ...,  0  0 28]]

Autovalores: 
[  5.52052443e-16   9.09013488e+00   3.17861658e+01   3.08058324e+01
   3.06107441e+01   3.00816357e+01   2.94877728e+01   2.92899649e+01
   2.88996101e+01   2.85918712e+01   2.84170257e+01   1.10361475e+01
   1.11852826e+01   1.13248771e+01   2.80174849e+01   2.77230272e+01
   1.16804084e+01   1.21870647e+01   2.74098193e+01   2.69803841e+01
   2.67935169e+01   2.67481597e+01   1.24815556e+01   1.26974739e+01
   1.27649232e+01   2.61089623e+01   2.63018568e+01   2.54703155e+01
   2.58145119e+01   2.58972971e+01   1.31922406e+01   1.32152199e+01
   2.52179485e+01   1.36001281e+01   1.36442534e+01   1.38976286e+01
   2.49606231e+01   2.45331615e+01   2.47153487e+01   2.46742104e+01
   2.41858885e+01   1.42029422e+01   1.43005006e+01   1.46475053e+01
   1.46624583e+01   2.39026950e+01   2.36508524e+01   2.35557906e+01
   2.34723585e+01   1.49274789e+01   1.50329989e+01   1.51236538e+01
   2.31257244e+01   2.29687847e+01   2.29163653e+01   1.53300247e+01
   1.53811611e+01   2.26341959e+01   1.55346873e+01   2.24468592e+01
   1.56722665e+01   2.23052559e+01   1.61096673e+01   2.20766505e+01
   2.17719145e+01   2.17209353e+01   1.63050893e+01   2.15621266e+01
   1.63564289e+01   1.64929294e+01   2.10785280e+01   2.14729723e+01
   2.12560613e+01   2.08333803e+01   2.06762529e+01   1.66490004e+01
   2.04763425e+01   2.02656485e+01   1.71233995e+01   2.00277531e+01
   1.72134218e+01   1.97445966e+01   1.68796064e+01   1.74917481e+01
   1.75091062e+01   1.96284831e+01   1.94126870e+01   1.78646732e+01
   1.83745595e+01   1.81132589e+01   1.82017154e+01   1.85858750e+01
   1.79459783e+01   1.92136349e+01   1.92959153e+01   1.77336638e+01
   1.88027575e+01   1.89545063e+01   1.91033051e+01   2.03603897e+01]


Matriz Laplaciana do grafo: 7
[[12  0 -1 ...,  0  0  0]
 [ 0 12  0 ..., -1  0  0]
 [-1  0 14 ..., -1 -1 -1]
 ..., 
 [ 0 -1 -1 ..., 28 -1  0]
 [ 0  0 -1 ..., -1 29  0]
 [ 0  0 -1 ...,  0  0 32]]

Autovalores: 
[  3.89026108e-16   3.43195523e+01   3.20635530e+01   3.10429575e+01
   3.06714382e+01   3.00021638e+01   2.96916419e+01   2.95105955e+01
   1.01272624e+01   1.09302730e+01   2.91808373e+01   2.87868103e+01
   2.82606150e+01   2.79273525e+01   1.13296655e+01   1.14850055e+01
   2.74845420e+01   1.17746801e+01   2.71950954e+01   2.70390030e+01
   1.20605306e+01   2.66758488e+01   1.21532503e+01   1.22621387e+01
   2.65360420e+01   2.64304129e+01   2.62655723e+01   2.59163617e+01
   1.26526565e+01   1.28587449e+01   1.28324729e+01   2.57862557e+01
   1.30744240e+01   2.53095494e+01   1.33583180e+01   1.35529168e+01
   2.50964559e+01   1.39011755e+01   1.38113297e+01   2.47866761e+01
   1.41860810e+01   2.45404080e+01   2.43973023e+01   1.44249067e+01
   2.42261347e+01   2.41208761e+01   1.45910928e+01   2.36958312e+01
   2.36028075e+01   1.47593122e+01   1.49509712e+01   1.51491113e+01
   1.53249133e+01   2.33583856e+01   2.31481713e+01   2.30477564e+01
   1.54657480e+01   1.55042071e+01   1.55869987e+01   1.59731066e+01
   1.57974963e+01   1.58417521e+01   2.27040424e+01   1.62263199e+01
   1.63391786e+01   1.66520877e+01   2.25365548e+01   2.23045890e+01
   1.70472561e+01   2.21693186e+01   2.20171425e+01   1.71976657e+01
   1.73148397e+01   2.17814664e+01   2.17385407e+01   1.78430545e+01
   1.77708011e+01   1.76336428e+01   2.13964777e+01   1.81949057e+01
   2.11044194e+01   1.84635432e+01   1.86355750e+01   1.91522256e+01
   1.92711754e+01   1.94648866e+01   1.83535090e+01   2.08773688e+01
   2.15628096e+01   1.97710676e+01   2.00353567e+01   2.05510394e+01
   1.87975449e+01   1.96611423e+01   2.07113990e+01   1.99108066e+01
   1.75935272e+01   2.02283603e+01   2.06947002e+01   2.04541123e+01]


Matriz Laplaciana do grafo: 8
[[ 8  0  0 ...,  0  0  0]
 [ 0 10 -1 ...,  0  0  0]
 [ 0 -1 12 ...,  0 -1 -1]
 ..., 
 [ 0  0  0 ..., 28 -1  0]
 [ 0  0 -1 ..., -1 30  0]
 [ 0  0 -1 ...,  0  0 31]]

Autovalores: 
[ -3.82664638e-15   7.47681452e+00   3.35353558e+01   3.27022821e+01
   8.84424062e+00   3.10974192e+01   3.03758456e+01   2.95157064e+01
   2.93122919e+01   2.88840297e+01   2.84962955e+01   2.82380427e+01
   2.81685679e+01   1.10804582e+01   1.14249941e+01   1.15204876e+01
   2.75525885e+01   1.18999480e+01   1.22651029e+01   1.25718056e+01
   2.72385634e+01   2.71724006e+01   2.64395975e+01   2.63217596e+01
   2.62436571e+01   1.27377770e+01   1.28497374e+01   2.58571901e+01
   2.57299075e+01   1.30490718e+01   2.54613436e+01   2.53666746e+01
   2.51686250e+01   1.33619043e+01   1.35219618e+01   1.36429709e+01
   2.49754368e+01   1.38984945e+01   1.41344188e+01   2.48210606e+01
   2.46753761e+01   2.45070501e+01   1.43925420e+01   2.42384933e+01
   1.46914914e+01   1.46203084e+01   2.40339921e+01   2.38635354e+01
   2.36761050e+01   1.48627447e+01   1.49653604e+01   2.35829782e+01
   1.52218453e+01   2.33330865e+01   2.31352159e+01   1.54036134e+01
   2.30584575e+01   1.55386370e+01   2.28095134e+01   2.27642105e+01
   1.57871634e+01   1.59003247e+01   2.24545979e+01   1.61158862e+01
   2.23448891e+01   2.21561977e+01   1.63572967e+01   2.20478931e+01
   1.64539590e+01   2.19230889e+01   1.66972891e+01   1.67640048e+01
   2.17954801e+01   2.07630373e+01   2.05409868e+01   2.11459125e+01
   2.03928368e+01   2.10794947e+01   1.72084400e+01   2.01323052e+01
   1.68159184e+01   1.71172507e+01   1.98422116e+01   1.97569102e+01
   1.81996659e+01   1.91046537e+01   1.88672572e+01   1.80068253e+01
   1.87328037e+01   1.76364078e+01   1.78991077e+01   1.94785181e+01
   1.84714478e+01   1.93079191e+01   1.78224275e+01   1.85622789e+01
   2.14574167e+01   2.15090956e+01   1.76687929e+01   1.93526208e+01]


Matriz Laplaciana do grafo: 9
[[10  0  0 ...,  0  0  0]
 [ 0 11  0 ...,  0 -1  0]
 [ 0  0 11 ...,  0  0  0]
 ..., 
 [ 0  0  0 ..., 26  0 -1]
 [ 0 -1  0 ...,  0 26 -1]
 [ 0  0  0 ..., -1 -1 28]]

Autovalores: 
[ -2.95275185e-15   8.86297552e+00   3.11414224e+01   9.77412244e+00
   9.89344733e+00   2.99483037e+01   2.97098013e+01   2.96050230e+01
   2.91640795e+01   1.07859644e+01   2.86924533e+01   2.85224975e+01
   1.16550602e+01   1.19017269e+01   1.19300699e+01   2.84392881e+01
   2.81216717e+01   2.77227753e+01   2.75146709e+01   2.71235577e+01
   1.24668278e+01   2.68651113e+01   1.28911900e+01   1.31022532e+01
   1.31288119e+01   1.32575627e+01   2.66840267e+01   2.65280337e+01
   2.62411032e+01   2.60849558e+01   1.36704911e+01   2.58090897e+01
   2.56721593e+01   2.56229402e+01   1.39441054e+01   1.40601117e+01
   2.53942637e+01   2.52528874e+01   2.50560493e+01   1.43752036e+01
   2.48646469e+01   1.45942661e+01   2.46612523e+01   2.43999627e+01
   1.46679697e+01   1.47434384e+01   1.49358547e+01   2.41742607e+01
   1.52490910e+01   2.37856739e+01   1.53896343e+01   2.37181826e+01
   2.35411599e+01   2.33355752e+01   1.54758827e+01   1.55853458e+01
   2.32639085e+01   1.59385397e+01   1.60425010e+01   1.61576039e+01
   2.29705398e+01   2.28867894e+01   2.29076023e+01   1.63306107e+01
   1.66381141e+01   2.25297139e+01   2.23856347e+01   2.21800323e+01
   1.67838012e+01   2.20525517e+01   1.69830253e+01   1.70648541e+01
   2.17705152e+01   2.16840712e+01   2.19610924e+01   2.14379072e+01
   2.09641468e+01   1.72734437e+01   1.83925512e+01   2.08124139e+01
   1.85032198e+01   1.87284457e+01   1.77035966e+01   1.77986098e+01
   1.78852286e+01   1.94721835e+01   2.05729633e+01   1.97362705e+01
   1.96618902e+01   1.91551533e+01   1.75240816e+01   1.88982911e+01
   2.03035295e+01   2.00776575e+01   2.02659449e+01   1.73397987e+01
   2.04426860e+01   2.15201065e+01   1.80365382e+01   1.92235551e+01]


Matriz Laplaciana do grafo: 10
[[11  0  0 ...,  0  0  0]
 [ 0 12  0 ...,  0  0  0]
 [ 0  0 13 ...,  0  0  0]
 ..., 
 [ 0  0  0 ..., 26  0  0]
 [ 0  0  0 ...,  0 27  0]
 [ 0  0  0 ...,  0  0 30]]

Autovalores: 
[ -4.50378476e-15   3.26181571e+01   9.53676399e+00   1.02970582e+01
   1.08575697e+01   1.12139667e+01   3.03029916e+01   3.00894452e+01
   2.94561650e+01   2.93937217e+01   2.87876846e+01   2.87260730e+01
   2.83252989e+01   2.80264730e+01   2.77987918e+01   1.18288762e+01
   1.20462219e+01   1.23423450e+01   2.74408407e+01   2.73183336e+01
   2.70518963e+01   2.67690491e+01   2.66078423e+01   1.26373308e+01
   1.29077415e+01   2.62457968e+01   1.30777603e+01   2.60707670e+01
   1.32092371e+01   1.34945284e+01   1.34048191e+01   2.57948331e+01
   2.57105178e+01   2.54986421e+01   1.37509394e+01   2.50983815e+01
   1.40101678e+01   1.41670593e+01   2.49159922e+01   2.47699075e+01
   2.45288596e+01   1.43227983e+01   2.43502394e+01   1.46900261e+01
   1.48741697e+01   1.49564013e+01   2.38907340e+01   2.39610756e+01
   2.37337121e+01   1.52622111e+01   2.35003208e+01   1.54652932e+01
   1.55186660e+01   1.58168365e+01   2.32977155e+01   2.32302511e+01
   2.30899726e+01   1.59985061e+01   2.28446063e+01   2.26799628e+01
   2.26110603e+01   1.61616251e+01   1.62814737e+01   2.22698911e+01
   2.25057683e+01   1.66021771e+01   1.66361589e+01   2.20155786e+01
   2.19079601e+01   1.68384693e+01   2.16531250e+01   1.68804886e+01
   2.13771918e+01   2.12649774e+01   1.69516584e+01   2.09883631e+01
   1.73592713e+01   2.08410580e+01   1.75463266e+01   1.78545743e+01
   2.06343411e+01   2.02310018e+01   1.80802672e+01   1.71780063e+01
   1.82535048e+01   2.01496191e+01   1.83798596e+01   1.97442536e+01
   1.99433317e+01   1.92360955e+01   1.84640086e+01   1.87581949e+01
   1.88631874e+01   2.16023044e+01   2.04000400e+01   1.95377267e+01
   1.91459813e+01   1.95673820e+01   1.90308903e+01   1.86404604e+01]


