Matriz Laplaciana do grafo: 1
[[ 6 -1  0 ...,  0  0  0]
 [-1  8  0 ..., -1  0 -1]
 [ 0  0  8 ..., -1  0  0]
 ..., 
 [ 0 -1 -1 ..., 17 -1  0]
 [ 0  0  0 ..., -1 19 -1]
 [ 0 -1  0 ...,  0 -1 19]]

Autovalores: 
[ -3.55271368e-15   2.15361729e+01   2.01392962e+01   1.90707220e+01
   4.97536438e+00   1.78704681e+01   1.77681401e+01   1.72115875e+01
   6.21281200e+00   1.64837329e+01   1.61885471e+01   1.60005431e+01
   1.55882924e+01   6.65479249e+00   6.88405428e+00   7.28568949e+00
   1.49691375e+01   1.47508524e+01   1.43809821e+01   7.73231584e+00
   8.00397742e+00   8.03167526e+00   8.39587102e+00   8.65876706e+00
   9.11524909e+00   9.38723086e+00   1.39355803e+01   1.35850102e+01
   1.32655467e+01   1.31236742e+01   1.27677821e+01   1.01685177e+01
   1.21987100e+01   1.17876470e+01   1.04364948e+01   1.05496953e+01
   1.14952561e+01   1.13469513e+01   1.10960380e+01   1.09468226e+01]


Matriz Laplaciana do grafo: 2
[[ 8 -1  0 ...,  0  0  0]
 [-1  9  0 ...,  0 -1 -1]
 [ 0  0  9 ...,  0  0 -1]
 ..., 
 [ 0  0  0 ..., 16  0 -1]
 [ 0 -1  0 ...,  0 16 -1]
 [ 0 -1 -1 ..., -1 -1 16]]

Autovalores: 
[ -5.66155985e-16   1.93202798e+01   1.91258237e+01   1.79666003e+01
   6.28516627e+00   6.65549471e+00   6.85563735e+00   7.03048478e+00
   1.74313440e+01   1.72153722e+01   1.69263465e+01   1.65344654e+01
   7.58928879e+00   7.86077607e+00   8.24350138e+00   8.38264695e+00
   8.58105758e+00   1.60283965e+01   1.57249892e+01   1.52441188e+01
   9.22433935e+00   1.49113668e+01   9.55678382e+00   9.77118061e+00
   9.88881507e+00   1.46896288e+01   1.42387984e+01   1.40635755e+01
   1.38598320e+01   1.36484673e+01   1.29952669e+01   1.27559200e+01
   1.26199826e+01   1.04064592e+01   1.06515974e+01   1.10261802e+01
   1.18940666e+01   1.14866631e+01   1.16428836e+01   1.16664023e+01]


Matriz Laplaciana do grafo: 3
[[ 8 -1  0 ...,  0 -1 -1]
 [-1  8  0 ..., -1  0  0]
 [ 0  0  8 ...,  0  0  0]
 ..., 
 [ 0 -1  0 ..., 16  0 -1]
 [-1  0  0 ...,  0 16  0]
 [-1  0  0 ..., -1  0 17]]

Autovalores: 
[  6.10987428e-16   2.02475833e+01   1.95295205e+01   5.61767617e+00
   1.80300851e+01   1.77992234e+01   6.22688688e+00   1.73058776e+01
   1.67428281e+01   1.65083196e+01   7.00839407e+00   7.18377232e+00
   7.56616329e+00   7.64191230e+00   7.90290219e+00   8.29580547e+00
   1.61121939e+01   1.58073847e+01   8.83041443e+00   9.03130969e+00
   9.19021635e+00   9.58054793e+00   9.89096767e+00   1.03814538e+01
   1.06009177e+01   1.07328241e+01   1.52823990e+01   1.50642707e+01
   1.48008555e+01   1.43626231e+01   1.41005825e+01   1.14388149e+01
   1.35826051e+01   1.33625968e+01   1.29654854e+01   1.17939905e+01
   1.26465446e+01   1.24322833e+01   1.22084812e+01   1.21932869e+01]


Matriz Laplaciana do grafo: 4
[[ 7  0 -1 ..., -1  0 -1]
 [ 0  7  0 ...,  0  0  0]
 [-1  0  8 ...,  0  0 -1]
 ..., 
 [-1  0  0 ..., 15 -1  0]
 [ 0  0  0 ..., -1 17 -1]
 [-1  0 -1 ...,  0 -1 18]]

Autovalores: 
[  3.55271368e-15   2.05613597e+01   1.89504364e+01   1.85898511e+01
   1.82272055e+01   1.80444827e+01   5.66144948e+00   5.80264328e+00
   1.73008493e+01   6.20341114e+00   6.60253114e+00   7.04359014e+00
   6.99951845e+00   7.60938537e+00   7.94650327e+00   8.24408616e+00
   1.66279982e+01   9.14992019e+00   1.59225990e+01   1.58285867e+01
   9.44047375e+00   1.53075430e+01   1.51267606e+01   1.48346189e+01
   1.47382848e+01   9.90183630e+00   1.41364338e+01   1.39352684e+01
   1.35769197e+01   1.31868887e+01   1.01898344e+01   1.27613496e+01
   1.25649224e+01   1.21661549e+01   1.18527672e+01   1.05814456e+01
   1.06594269e+01   1.14440675e+01   1.10114570e+01   1.12671392e+01]


Matriz Laplaciana do grafo: 5
[[ 8  0 -1 ...,  0  0  0]
 [ 0  8  0 ...,  0  0  0]
 [-1  0  8 ...,  0  0  0]
 ..., 
 [ 0  0  0 ..., 17  0 -1]
 [ 0  0  0 ...,  0 17  0]
 [ 0  0  0 ..., -1  0 18]]

Autovalores: 
[  7.05283984e-16   2.01360987e+01   1.96520895e+01   1.86009805e+01
   1.81483754e+01   1.74387738e+01   1.71770167e+01   5.82684023e+00
   1.65012826e+01   1.58077133e+01   1.55589466e+01   1.52905156e+01
   6.47526365e+00   6.87008605e+00   7.14444064e+00   1.48521187e+01
   7.67396574e+00   7.74771609e+00   1.45460797e+01   1.39723442e+01
   1.38076959e+01   1.36156695e+01   1.30681457e+01   1.29557021e+01
   8.59503591e+00   8.79191075e+00   8.91792127e+00   1.24437849e+01
   1.21544717e+01   1.19638952e+01   1.17819526e+01   1.16859837e+01
   1.12791049e+01   9.27654923e+00   1.05809870e+01   9.49072043e+00
   1.03410577e+01   9.81507540e+00   9.94465633e+00   1.00690321e+01]


Matriz Laplaciana do grafo: 6
[[ 7  0 -1 ...,  0  0 -1]
 [ 0  8  0 ...,  0  0 -1]
 [-1  0  8 ...,  0 -1  0]
 ..., 
 [ 0  0  0 ..., 16  0 -1]
 [ 0  0 -1 ...,  0 17 -1]
 [-1 -1  0 ..., -1 -1 18]]

Autovalores: 
[  3.55271368e-15   2.04911403e+01   1.94047358e+01   5.60495609e+00
   1.86189845e+01   6.04494454e+00   1.79147974e+01   1.77618628e+01
   1.73553723e+01   6.82769474e+00   6.87020329e+00   7.02635128e+00
   7.38639835e+00   7.46590566e+00   1.66265133e+01   8.20133671e+00
   8.50979041e+00   1.58533438e+01   1.58365066e+01   8.98936407e+00
   9.19804121e+00   9.55638953e+00   9.83897487e+00   1.52369745e+01
   1.50983829e+01   1.48403927e+01   1.46215175e+01   1.42149852e+01
   1.40177185e+01   1.03100325e+01   1.08298729e+01   1.09779213e+01
   1.12568145e+01   1.16012481e+01   1.32886939e+01   1.29563816e+01
   1.20400921e+01   1.21818501e+01   1.25068442e+01   1.26366701e+01]


Matriz Laplaciana do grafo: 7
[[ 6  0  0 ...,  0 -1 -1]
 [ 0  7 -1 ..., -1  0  0]
 [ 0 -1  8 ...,  0  0 -1]
 ..., 
 [ 0 -1  0 ..., 18  0 -1]
 [-1  0  0 ...,  0 19 -1]
 [-1  0 -1 ..., -1 -1 21]]

Autovalores: 
[  1.06581410e-14   2.29152586e+01   2.08222727e+01   2.00045531e+01
   1.91565852e+01   4.97725730e+00   1.79213670e+01   1.77801797e+01
   1.73898125e+01   5.65926526e+00   6.10093203e+00   1.61940127e+01
   1.60632363e+01   6.64874956e+00   1.53465339e+01   1.51991845e+01
   1.48035680e+01   1.45313944e+01   7.34881705e+00   7.46227159e+00
   7.58365274e+00   7.76117840e+00   8.24151883e+00   1.40318605e+01
   1.37246543e+01   8.65730872e+00   8.90090983e+00   9.25918967e+00
   9.37416754e+00   9.72627340e+00   1.30664550e+01   1.29810539e+01
   1.01162159e+01   1.05306139e+01   1.08563114e+01   1.11279470e+01
   1.23227232e+01   1.19900493e+01   1.16006542e+01   1.18220106e+01]


Matriz Laplaciana do grafo: 8
[[ 7  0  0 ...,  0  0 -1]
 [ 0  8 -1 ..., -1  0  0]
 [ 0 -1  9 ...,  0 -1 -1]
 ..., 
 [ 0 -1  0 ..., 16 -1 -1]
 [ 0  0 -1 ..., -1 16  0]
 [-1  0 -1 ..., -1  0 16]]

Autovalores: 
[ -1.94398645e-15   1.94874656e+01   1.88601443e+01   5.72630324e+00
   5.90420749e+00   1.83779627e+01   1.80215221e+01   1.76756526e+01
   1.74758618e+01   1.68359192e+01   6.90532565e+00   1.61235636e+01
   7.10889059e+00   7.51769123e+00   7.69557976e+00   1.55493075e+01
   1.53282066e+01   8.20856416e+00   8.46868192e+00   8.57924920e+00
   1.47780680e+01   1.46142014e+01   1.44888233e+01   9.28077936e+00
   9.45555560e+00   9.78641856e+00   9.87971822e+00   1.01021499e+01
   1.04176958e+01   1.07700451e+01   1.11521484e+01   1.39928808e+01
   1.17258017e+01   1.16538437e+01   1.21779656e+01   1.36997606e+01
   1.34545207e+01   1.31529842e+01   1.28451810e+01   1.27213590e+01]


Matriz Laplaciana do grafo: 9
[[ 7  0  0 ...,  0 -1  0]
 [ 0  7 -1 ..., -1  0  0]
 [ 0 -1  7 ...,  0  0  0]
 ..., 
 [ 0 -1  0 ..., 16 -1 -1]
 [-1  0  0 ..., -1 18 -1]
 [ 0  0  0 ..., -1 -1 19]]

Autovalores: 
[  0.          21.29280481  20.15631143  18.69437827  18.62214747
  18.35974979   5.46780906   5.5892875   17.52647352   6.41539927
   6.66445094  16.51321629   7.00926284  16.1428468   15.83793454
  15.70228865  15.29864709  15.16962546  14.86108466   7.39279274
   7.70786257   7.87159274  14.2776011    8.52786109   8.75393498
   8.84623044   9.32356026   9.84752277   9.97754118  10.22682874
  10.59955354  10.94078424  11.19810075  13.80287733  13.41280461
  11.80939006  11.99104298  12.84787293  12.67274863  12.64777794]


Matriz Laplaciana do grafo: 10
[[ 8  0  0 ...,  0 -1 -1]
 [ 0  8  0 ...,  0 -1  0]
 [ 0  0  9 ..., -1  0 -1]
 ..., 
 [ 0  0 -1 ..., 16 -1  0]
 [-1 -1  0 ..., -1 20  0]
 [-1  0 -1 ...,  0  0 20]]

Autovalores: 
[  0.          22.18654107  21.15410487  18.61964098  17.83752212
  17.3804607    6.09128704  16.68357378  16.49905939   6.54934507
   6.79271413   7.28790424  15.58944483  15.29068876   7.69875267
   7.99640535  14.84780553  14.68238426   8.34640284   8.54586658
   8.77896327   9.01597504   9.32580938   9.79709393   9.88398662
  10.05640972  10.26471484  10.82416023  10.77458554  14.10152457
  11.4785091   11.64656312  13.82176668  13.57499751  13.36873263
  13.08284303  12.94330402  12.73317991  12.33344927  12.11352738]


