Matriz Laplaciana do grafo: 1
[[13 -1 -1 -1 -1  0 -1  0 -1  0  0 -1 -1  0  0 -1 -1 -1 -1 -1]
 [-1 12  0 -1 -1 -1 -1  0  0 -1 -1 -1  0 -1  0  0  0 -1 -1 -1]
 [-1  0 14 -1 -1  0 -1 -1  0 -1 -1 -1  0 -1  0 -1 -1 -1 -1 -1]
 [-1 -1 -1 13  0  0 -1 -1 -1  0 -1 -1  0 -1 -1 -1  0 -1 -1  0]
 [-1 -1 -1  0 14  0 -1  0 -1 -1 -1 -1 -1 -1 -1 -1 -1 -1  0  0]
 [ 0 -1  0  0  0 10 -1 -1 -1 -1  0  0 -1 -1 -1  0 -1  0 -1  0]
 [-1 -1 -1 -1 -1 -1 12 -1 -1  0  0  0  0  0 -1 -1 -1  0  0 -1]
 [ 0  0 -1 -1  0 -1 -1  9  0  0  0 -1 -1  0  0 -1 -1  0 -1  0]
 [-1  0  0 -1 -1 -1 -1  0 13 -1 -1 -1 -1 -1 -1  0 -1  0 -1  0]
 [ 0 -1 -1  0 -1 -1  0  0 -1 10  0 -1 -1  0 -1  0  0  0 -1 -1]
 [ 0 -1 -1 -1 -1  0  0  0 -1  0 10 -1  0 -1 -1  0 -1 -1  0  0]
 [-1 -1 -1 -1 -1  0  0 -1 -1 -1 -1 14 -1 -1  0 -1  0  0 -1 -1]
 [-1  0  0  0 -1 -1  0 -1 -1 -1  0 -1 11 -1 -1 -1  0  0  0 -1]
 [ 0 -1 -1 -1 -1 -1  0  0 -1  0 -1 -1 -1 15 -1 -1 -1 -1 -1 -1]
 [ 0  0  0 -1 -1 -1 -1  0 -1 -1 -1  0 -1 -1 13 -1  0 -1 -1 -1]
 [-1  0 -1 -1 -1  0 -1 -1  0  0  0 -1 -1 -1 -1 13 -1 -1 -1  0]
 [-1  0 -1  0 -1 -1 -1 -1 -1  0 -1  0  0 -1  0 -1 10  0  0  0]
 [-1 -1 -1 -1 -1  0  0  0  0  0 -1  0  0 -1 -1 -1  0 10 -1  0]
 [-1 -1 -1 -1  0 -1  0 -1 -1 -1  0 -1  0 -1 -1 -1  0 -1 14 -1]
 [-1 -1 -1  0  0  0 -1  0  0 -1  0 -1 -1 -1 -1  0  0  0 -1 10]]

Autovalores: 
[  2.62499160e-15   7.73952046e+00   7.90564191e+00   1.70371299e+01
   1.67391857e+01   9.16861207e+00   1.61325605e+01   1.55474722e+01
   1.52965010e+01   1.46259017e+01   1.43819415e+01   1.38860753e+01
   1.33851121e+01   9.87602080e+00   1.26132109e+01   1.20537000e+01
   1.03422390e+01   1.05906358e+01   1.16248097e+01   1.10537293e+01]


Matriz Laplaciana do grafo: 2
[[11  0 -1  0 -1  0 -1  0  0 -1 -1 -1 -1  0 -1 -1  0 -1  0 -1]
 [ 0 14 -1 -1 -1  0 -1  0 -1 -1 -1 -1 -1 -1 -1 -1 -1  0  0 -1]
 [-1 -1 10  0  0  0 -1  0  0 -1 -1 -1  0  0 -1 -1  0 -1 -1  0]
 [ 0 -1  0 11 -1 -1 -1  0 -1  0 -1 -1  0  0 -1 -1  0 -1  0 -1]
 [-1 -1  0 -1 14 -1 -1  0  0  0 -1  0 -1 -1 -1 -1 -1 -1 -1 -1]
 [ 0  0  0 -1 -1 10  0 -1  0 -1 -1  0  0  0  0 -1 -1 -1 -1 -1]
 [-1 -1 -1 -1 -1  0 14 -1  0 -1  0 -1 -1 -1 -1 -1  0 -1  0 -1]
 [ 0  0  0  0  0 -1 -1  9  0  0 -1  0  0 -1 -1 -1 -1 -1  0 -1]
 [ 0 -1  0 -1  0  0  0  0  9 -1 -1 -1 -1  0  0 -1 -1  0  0 -1]
 [-1 -1 -1  0  0 -1 -1  0 -1 12  0 -1  0 -1  0 -1 -1 -1 -1  0]
 [-1 -1 -1 -1 -1 -1  0 -1 -1  0 13  0 -1 -1  0 -1 -1  0  0 -1]
 [-1 -1 -1 -1  0  0 -1  0 -1 -1  0 12 -1  0 -1 -1 -1  0  0 -1]
 [-1 -1  0  0 -1  0 -1  0 -1  0 -1 -1 11 -1 -1  0 -1  0 -1  0]
 [ 0 -1  0  0 -1  0 -1 -1  0 -1 -1  0 -1 13 -1 -1 -1 -1 -1 -1]
 [-1 -1 -1 -1 -1  0 -1 -1  0  0  0 -1 -1 -1 13 -1 -1  0  0 -1]
 [-1 -1 -1 -1 -1 -1 -1 -1 -1 -1 -1 -1  0 -1 -1 16 -1  0 -1  0]
 [ 0 -1  0  0 -1 -1  0 -1 -1 -1 -1 -1 -1 -1 -1 -1 15 -1 -1 -1]
 [-1  0 -1 -1 -1 -1 -1 -1  0 -1  0  0  0 -1  0  0 -1 10  0  0]
 [ 0  0 -1  0 -1 -1  0  0  0 -1  0  0 -1 -1  0 -1 -1  0  9 -1]
 [-1 -1  0 -1 -1 -1 -1 -1 -1  0 -1 -1  0 -1 -1  0 -1  0 -1 14]]

Autovalores: 
[ -4.65611757e-16   1.78947972e+01   7.52391324e+00   8.18388481e+00
   8.41293237e+00   1.67284097e+01   1.62247714e+01   1.59028839e+01
   9.33001466e+00   1.52063488e+01   1.49180487e+01   1.44788280e+01
   1.37811696e+01   1.34880449e+01   1.00614864e+01   1.05348386e+01
   1.11650255e+01   1.24394097e+01   1.20338861e+01   1.16913065e+01]


Matriz Laplaciana do grafo: 3
[[14 -1 -1 -1 -1 -1 -1  0 -1 -1  0 -1 -1 -1 -1  0  0 -1  0 -1]
 [-1  9  0 -1  0  0 -1 -1 -1  0 -1 -1  0  0 -1 -1  0  0  0  0]
 [-1  0 10  0 -1 -1  0 -1 -1  0  0  0  0 -1 -1  0 -1 -1  0 -1]
 [-1 -1  0 10 -1 -1 -1  0  0 -1 -1  0 -1  0 -1  0 -1  0  0  0]
 [-1  0 -1 -1 16 -1 -1 -1 -1 -1 -1  0 -1 -1 -1 -1 -1 -1  0 -1]
 [-1  0 -1 -1 -1 16 -1 -1 -1 -1 -1 -1 -1 -1  0 -1 -1 -1  0 -1]
 [-1 -1  0 -1 -1 -1 12 -1 -1  0 -1  0 -1  0 -1  0 -1  0 -1  0]
 [ 0 -1 -1  0 -1 -1 -1  9 -1  0  0 -1  0 -1 -1  0  0  0  0  0]
 [-1 -1 -1  0 -1 -1 -1 -1 16 -1 -1 -1 -1  0 -1 -1 -1 -1 -1  0]
 [-1  0  0 -1 -1 -1  0  0 -1 10  0 -1 -1  0  0 -1  0 -1 -1  0]
 [ 0 -1  0 -1 -1 -1 -1  0 -1  0 12 -1 -1  0  0 -1  0 -1 -1 -1]
 [-1 -1  0  0  0 -1  0 -1 -1 -1 -1 12 -1 -1 -1 -1 -1  0  0  0]
 [-1  0  0 -1 -1 -1 -1  0 -1 -1 -1 -1 15 -1 -1 -1  0 -1 -1 -1]
 [-1  0 -1  0 -1 -1  0 -1  0  0  0 -1 -1 12 -1 -1 -1 -1 -1  0]
 [-1 -1 -1 -1 -1  0 -1 -1 -1  0  0 -1 -1 -1 14 -1 -1  0  0 -1]
 [ 0 -1  0  0 -1 -1  0  0 -1 -1 -1 -1 -1 -1 -1 12 -1  0  0 -1]
 [ 0  0 -1 -1 -1 -1 -1  0 -1  0  0 -1  0 -1 -1 -1 12 -1 -1  0]
 [-1  0 -1  0 -1 -1  0  0 -1 -1 -1  0 -1 -1  0  0 -1 11  0 -1]
 [ 0  0  0  0  0  0 -1  0 -1 -1 -1  0 -1 -1  0  0 -1  0  8 -1]
 [-1  0 -1  0 -1 -1  0  0  0  0 -1  0 -1  0 -1 -1  0 -1 -1 10]]

Autovalores: 
[ -3.60351241e-16   7.07322369e+00   7.79974896e+00   8.44586625e+00
   1.77654612e+01   1.72991930e+01   1.73597548e+01   1.63429095e+01
   1.56949347e+01   1.52232203e+01   1.46384987e+01   9.38852413e+00
   9.78298336e+00   1.05253390e+01   1.08734740e+01   1.13086911e+01
   1.22355214e+01   1.25204968e+01   1.26689304e+01   1.30532287e+01]


Matriz Laplaciana do grafo: 4
[[12  0 -1  0 -1 -1 -1 -1  0 -1 -1 -1  0 -1 -1 -1  0  0  0 -1]
 [ 0 12  0  0 -1  0 -1 -1  0 -1 -1  0 -1 -1 -1 -1 -1 -1 -1  0]
 [-1  0 13 -1 -1 -1  0  0 -1 -1 -1  0 -1 -1 -1 -1 -1  0 -1  0]
 [ 0  0 -1 12 -1 -1 -1  0  0 -1 -1 -1 -1 -1  0  0 -1  0 -1 -1]
 [-1 -1 -1 -1 11  0  0  0 -1 -1  0 -1 -1  0 -1 -1  0 -1  0  0]
 [-1  0 -1 -1  0 11 -1 -1  0  0 -1  0 -1  0  0 -1  0 -1 -1 -1]
 [-1 -1  0 -1  0 -1 13 -1  0 -1 -1 -1  0 -1 -1  0 -1  0 -1 -1]
 [-1 -1  0  0  0 -1 -1 13 -1  0  0 -1 -1 -1 -1 -1 -1 -1  0 -1]
 [ 0  0 -1  0 -1  0  0 -1 10 -1 -1 -1  0 -1  0 -1 -1  0 -1  0]
 [-1 -1 -1 -1 -1  0 -1  0 -1 11  0 -1 -1  0 -1  0  0  0 -1  0]
 [-1 -1 -1 -1  0 -1 -1  0 -1  0 13  0 -1  0 -1  0 -1 -1 -1 -1]
 [-1  0  0 -1 -1  0 -1 -1 -1 -1  0 11 -1  0  0 -1  0 -1  0 -1]
 [ 0 -1 -1 -1 -1 -1  0 -1  0 -1 -1 -1 14 -1  0 -1 -1 -1 -1  0]
 [-1 -1 -1 -1  0  0 -1 -1 -1  0  0  0 -1 11 -1  0  0 -1 -1  0]
 [-1 -1 -1  0 -1  0 -1 -1  0 -1 -1  0  0 -1 12 -1  0  0 -1 -1]
 [-1 -1 -1  0 -1 -1  0 -1 -1  0  0 -1 -1  0 -1 14 -1 -1 -1 -1]
 [ 0 -1 -1 -1  0  0 -1 -1 -1  0 -1  0 -1  0  0 -1 11  0 -1 -1]
 [ 0 -1  0  0 -1 -1  0 -1  0  0 -1 -1 -1 -1  0 -1  0 11 -1 -1]
 [ 0 -1 -1 -1  0 -1 -1  0 -1 -1 -1  0 -1 -1 -1 -1 -1 -1 14  0]
 [-1  0  0 -1  0 -1 -1 -1  0  0 -1 -1  0  0 -1 -1 -1 -1  0 11]]

Autovalores: 
[  1.21115932e-15   1.69967660e+01   8.52865483e+00   1.62176260e+01
   9.29439693e+00   9.71284733e+00   9.81981262e+00   1.03286202e+01
   1.06223431e+01   1.09400300e+01   1.55731794e+01   1.52481744e+01
   1.49840211e+01   1.17174066e+01   1.21524709e+01   1.43132739e+01
   1.40758533e+01   1.33622199e+01   1.30832601e+01   1.30290433e+01]


Matriz Laplaciana do grafo: 5
[[ 8  0 -1  0  0 -1 -1  0  0  0 -1  0 -1 -1  0 -1  0 -1  0  0]
 [ 0 10 -1  0 -1 -1 -1  0 -1  0 -1 -1  0  0  0 -1  0 -1 -1  0]
 [-1 -1 17 -1 -1 -1 -1 -1 -1  0  0 -1 -1 -1 -1 -1 -1 -1 -1 -1]
 [ 0  0 -1  8  0 -1  0  0 -1  0 -1 -1  0 -1  0  0  0  0 -1 -1]
 [ 0 -1 -1  0 10 -1  0  0  0 -1 -1  0 -1  0 -1 -1  0  0 -1 -1]
 [-1 -1 -1 -1 -1 11  0 -1  0  0  0  0 -1 -1  0  0 -1  0 -1 -1]
 [-1 -1 -1  0  0  0 14 -1 -1 -1 -1 -1 -1 -1 -1 -1 -1  0 -1  0]
 [ 0  0 -1  0  0 -1 -1 10  0  0 -1 -1 -1 -1  0 -1 -1  0  0 -1]
 [ 0 -1 -1 -1  0  0 -1  0  9  0 -1  0 -1 -1 -1  0  0  0  0 -1]
 [ 0  0  0  0 -1  0 -1  0  0 12 -1 -1 -1 -1 -1 -1 -1 -1 -1 -1]
 [-1 -1  0 -1 -1  0 -1 -1 -1 -1 15 -1 -1 -1 -1  0 -1  0 -1 -1]
 [ 0 -1 -1 -1  0  0 -1 -1  0 -1 -1 13 -1  0 -1  0 -1 -1 -1 -1]
 [-1  0 -1  0 -1 -1 -1 -1 -1 -1 -1 -1 15  0 -1  0 -1 -1 -1 -1]
 [-1  0 -1 -1  0 -1 -1 -1 -1 -1 -1  0  0 13  0  0 -1 -1 -1 -1]
 [ 0  0 -1  0 -1  0 -1  0 -1 -1 -1 -1 -1  0 10  0  0 -1  0 -1]
 [-1 -1 -1  0 -1  0 -1 -1  0 -1  0  0  0  0  0 10 -1 -1 -1  0]
 [ 0  0 -1  0  0 -1 -1 -1  0 -1 -1 -1 -1 -1  0 -1 13 -1 -1 -1]
 [-1 -1 -1  0  0  0  0  0  0 -1  0 -1 -1 -1 -1 -1 -1 12 -1 -1]
 [ 0 -1 -1 -1 -1 -1 -1  0  0 -1 -1 -1 -1 -1  0 -1 -1 -1 15 -1]
 [ 0  0 -1 -1 -1 -1  0 -1 -1 -1 -1 -1 -1 -1 -1  0 -1 -1 -1 15]]

Autovalores: 
[  1.95463125e-15   1.84969082e+01   6.97473264e+00   7.68984520e+00
   1.68783029e+01   1.67863970e+01   1.64028205e+01   1.56830828e+01
   1.52145263e+01   1.49065871e+01   8.49374492e+00   1.39670652e+01
   1.33710578e+01   1.28513902e+01   1.20842343e+01   8.98148990e+00
   9.35232275e+00   9.92692368e+00   1.12868706e+01   1.06516980e+01]


Matriz Laplaciana do grafo: 6
[[11  0 -1 -1 -1 -1  0 -1  0  0  0 -1 -1  0 -1 -1  0 -1  0 -1]
 [ 0 10 -1 -1  0  0  0  0 -1 -1  0 -1  0 -1 -1 -1 -1  0 -1  0]
 [-1 -1 15  0  0 -1  0  0 -1 -1 -1 -1 -1 -1 -1 -1 -1 -1 -1 -1]
 [-1 -1  0 11 -1  0  0 -1 -1 -1 -1 -1  0  0  0  0 -1 -1  0 -1]
 [-1  0  0 -1 13 -1 -1  0  0  0 -1 -1 -1 -1 -1 -1 -1  0 -1 -1]
 [-1  0 -1  0 -1 12 -1 -1 -1  0  0 -1  0 -1  0 -1 -1  0 -1 -1]
 [ 0  0  0  0 -1 -1 12 -1  0 -1 -1 -1 -1 -1 -1 -1  0  0 -1 -1]
 [-1  0  0 -1  0 -1 -1 12  0 -1 -1  0  0 -1 -1  0 -1 -1 -1 -1]
 [ 0 -1 -1 -1  0 -1  0  0 13 -1 -1 -1 -1 -1 -1 -1 -1  0 -1  0]
 [ 0 -1 -1 -1  0  0 -1 -1 -1 12 -1 -1 -1  0 -1  0 -1  0 -1  0]
 [ 0  0 -1 -1 -1  0 -1 -1 -1 -1 10  0  0  0  0 -1  0  0 -1 -1]
 [-1 -1 -1 -1 -1 -1 -1  0 -1 -1  0 14  0 -1 -1 -1  0 -1  0 -1]
 [-1  0 -1  0 -1  0 -1  0 -1 -1  0  0 10 -1 -1 -1 -1  0  0  0]
 [ 0 -1 -1  0 -1 -1 -1 -1 -1  0  0 -1 -1 11  0 -1  0  0  0 -1]
 [-1 -1 -1  0 -1  0 -1 -1 -1 -1  0 -1 -1  0 14  0 -1 -1 -1 -1]
 [-1 -1 -1  0 -1 -1 -1  0 -1  0 -1 -1 -1 -1  0 13  0 -1 -1  0]
 [ 0 -1 -1 -1 -1 -1  0 -1 -1 -1  0  0 -1  0 -1  0 11 -1  0  0]
 [-1  0 -1 -1  0  0  0 -1  0  0  0 -1  0  0 -1 -1 -1 10 -1 -1]
 [ 0 -1 -1  0 -1 -1 -1 -1 -1 -1 -1  0  0  0 -1 -1  0 -1 13 -1]
 [-1  0 -1 -1 -1 -1 -1 -1  0  0 -1 -1  0 -1 -1  0  0 -1 -1 13]]

Autovalores: 
[ -2.70860197e-15   1.71163772e+01   1.62912492e+01   1.61607338e+01
   8.42684540e+00   8.65346293e+00   8.89461356e+00   1.53032927e+01
   1.50781576e+01   9.70352553e+00   1.42651198e+01   1.40631500e+01
   1.34553736e+01   1.31339372e+01   1.25823812e+01   1.23056754e+01
   1.15938860e+01   1.14938255e+01   1.07155218e+01   1.07628717e+01]


Matriz Laplaciana do grafo: 7
[[12 -1 -1  0 -1 -1  0  0 -1 -1 -1 -1 -1 -1  0  0  0  0 -1 -1]
 [-1 13  0 -1  0 -1 -1 -1 -1 -1 -1 -1 -1 -1  0 -1 -1  0  0  0]
 [-1  0 13 -1  0 -1 -1  0 -1  0 -1 -1 -1  0  0 -1 -1 -1 -1 -1]
 [ 0 -1 -1 12 -1 -1 -1 -1 -1 -1  0  0  0  0  0 -1 -1  0 -1 -1]
 [-1  0  0 -1 14 -1 -1 -1 -1 -1  0 -1 -1 -1 -1  0 -1 -1 -1  0]
 [-1 -1 -1 -1 -1 11  0  0 -1  0 -1 -1 -1  0  0 -1  0  0  0 -1]
 [ 0 -1 -1 -1 -1  0 13 -1 -1 -1 -1  0 -1  0 -1 -1  0 -1 -1  0]
 [ 0 -1  0 -1 -1  0 -1 10  0 -1 -1 -1 -1  0 -1  0  0  0 -1  0]
 [-1 -1 -1 -1 -1 -1 -1  0 13 -1  0  0 -1  0 -1 -1  0 -1  0 -1]
 [-1 -1  0 -1 -1  0 -1 -1 -1 12  0 -1 -1 -1 -1 -1  0  0  0  0]
 [-1 -1 -1  0  0 -1 -1 -1  0  0 13 -1 -1 -1  0  0 -1 -1 -1 -1]
 [-1 -1 -1  0 -1 -1  0 -1  0 -1 -1 12 -1  0  0 -1 -1 -1  0  0]
 [-1 -1 -1  0 -1 -1 -1 -1 -1 -1 -1 -1 18 -1 -1 -1 -1 -1 -1 -1]
 [-1 -1  0  0 -1  0  0  0  0 -1 -1  0 -1 10 -1 -1 -1  0  0 -1]
 [ 0  0  0  0 -1  0 -1 -1 -1 -1  0  0 -1 -1 11 -1 -1  0 -1 -1]
 [ 0 -1 -1 -1  0 -1 -1  0 -1 -1  0 -1 -1 -1 -1 14 -1  0 -1 -1]
 [ 0 -1 -1 -1 -1  0  0  0  0  0 -1 -1 -1 -1 -1 -1 11 -1  0  0]
 [ 0  0 -1  0 -1  0 -1  0 -1  0 -1 -1 -1  0  0  0 -1  8  0  0]
 [-1  0 -1 -1 -1  0 -1 -1  0  0 -1  0 -1  0 -1 -1  0  0 10  0]
 [-1  0 -1 -1  0 -1  0  0 -1  0 -1  0 -1 -1 -1 -1  0  0  0 10]]

Autovalores: 
[  0.          19.12167595   7.35335984   8.21037717  16.8107997
   9.01227995   9.59335769  15.89089765  10.20650506  10.61578036
  10.92168329  11.71245583  12.30925539  12.70020597  13.09740069
  15.14670016  14.86235274  14.52770042  14.0991894   13.80802274]


Matriz Laplaciana do grafo: 8
[[13  0 -1  0  0 -1  0 -1 -1 -1 -1  0 -1 -1 -1  0 -1 -1 -1 -1]
 [ 0 12  0 -1 -1 -1 -1 -1 -1  0 -1  0 -1 -1 -1  0  0 -1  0 -1]
 [-1  0 10  0 -1 -1 -1  0  0 -1 -1 -1  0 -1  0  0  0 -1 -1  0]
 [ 0 -1  0 11 -1 -1  0  0 -1 -1 -1  0 -1 -1 -1 -1 -1  0  0  0]
 [ 0 -1 -1 -1 12  0 -1 -1  0  0 -1  0 -1 -1 -1 -1 -1  0 -1  0]
 [-1 -1 -1 -1  0 15 -1 -1 -1 -1  0 -1  0  0 -1 -1 -1 -1 -1 -1]
 [ 0 -1 -1  0 -1 -1 13  0 -1  0 -1 -1 -1 -1 -1 -1 -1 -1  0  0]
 [-1 -1  0  0 -1 -1  0 12 -1 -1 -1  0 -1 -1  0  0 -1 -1  0 -1]
 [-1 -1  0 -1  0 -1 -1 -1 13  0  0 -1 -1 -1 -1  0 -1  0 -1 -1]
 [-1  0 -1 -1  0 -1  0 -1  0  9 -1  0 -1 -1  0  0  0  0  0 -1]
 [-1 -1 -1 -1 -1  0 -1 -1  0 -1 13  0  0 -1  0  0 -1 -1 -1 -1]
 [ 0  0 -1  0  0 -1 -1  0 -1  0  0 11 -1  0 -1 -1 -1 -1 -1 -1]
 [-1 -1  0 -1 -1  0 -1 -1 -1 -1  0 -1 14 -1 -1  0  0 -1 -1 -1]
 [-1 -1 -1 -1 -1  0 -1 -1 -1 -1 -1  0 -1 14 -1  0 -1  0 -1  0]
 [-1 -1  0 -1 -1 -1 -1  0 -1  0  0 -1 -1 -1 14 -1 -1 -1  0 -1]
 [ 0  0  0 -1 -1 -1 -1  0  0  0  0 -1  0  0 -1  7  0 -1  0  0]
 [-1  0  0 -1 -1 -1 -1 -1 -1  0 -1 -1  0 -1 -1  0 12  0 -1  0]
 [-1 -1 -1  0  0 -1 -1 -1  0  0 -1 -1 -1  0 -1 -1  0 13 -1 -1]
 [-1  0 -1  0 -1 -1  0  0 -1  0 -1 -1 -1 -1  0  0 -1 -1 11  0]
 [-1 -1  0  0  0 -1  0 -1 -1 -1 -1 -1 -1  0 -1  0  0 -1  0 11]]

Autovalores: 
[ -2.66453526e-15   6.38278948e+00   1.73941870e+01   8.50910434e+00
   8.82733127e+00   9.31965781e+00   1.63722228e+01   1.57823631e+01
   1.55010920e+01   1.51859389e+01   1.06264460e+01   1.11210384e+01
   1.44936455e+01   1.40707640e+01   1.19014212e+01   1.35092684e+01
   1.23368790e+01   1.25858454e+01   1.31098112e+01   1.29701941e+01]


Matriz Laplaciana do grafo: 9
[[12 -1 -1 -1  0 -1  0  0 -1  0 -1  0 -1 -1 -1  0 -1 -1  0 -1]
 [-1 13  0 -1 -1  0 -1 -1 -1 -1  0 -1 -1 -1 -1 -1 -1  0  0  0]
 [-1  0 10  0 -1  0 -1 -1  0 -1  0 -1 -1  0  0  0 -1  0 -1 -1]
 [-1 -1  0 10 -1  0 -1  0 -1  0  0 -1  0 -1  0  0 -1 -1  0 -1]
 [ 0 -1 -1 -1 15 -1 -1 -1  0 -1 -1 -1 -1 -1  0 -1 -1 -1  0 -1]
 [-1  0  0  0 -1 10  0 -1 -1  0  0  0 -1 -1  0 -1  0 -1 -1 -1]
 [ 0 -1 -1 -1 -1  0 12 -1  0 -1  0  0 -1  0 -1 -1 -1 -1 -1  0]
 [ 0 -1 -1  0 -1 -1 -1 13  0 -1 -1  0  0 -1 -1  0 -1 -1 -1 -1]
 [-1 -1  0 -1  0 -1  0  0 12 -1 -1 -1  0 -1 -1 -1  0 -1  0 -1]
 [ 0 -1 -1  0 -1  0 -1 -1 -1 13 -1  0 -1 -1  0 -1 -1 -1 -1  0]
 [-1  0  0  0 -1  0  0 -1 -1 -1 13  0 -1 -1 -1 -1 -1 -1 -1 -1]
 [ 0 -1 -1 -1 -1  0  0  0 -1  0  0  8  0 -1 -1 -1  0  0  0  0]
 [-1 -1 -1  0 -1 -1 -1  0  0 -1 -1  0 12  0 -1 -1 -1  0  0 -1]
 [-1 -1  0 -1 -1 -1  0 -1 -1 -1 -1 -1  0 14  0  0 -1 -1 -1 -1]
 [-1 -1  0  0  0  0 -1 -1 -1  0 -1 -1 -1  0 11 -1 -1  0 -1  0]
 [ 0 -1  0  0 -1 -1 -1  0 -1 -1 -1 -1 -1  0 -1 12 -1 -1  0  0]
 [-1 -1 -1 -1 -1  0 -1 -1  0 -1 -1  0 -1 -1 -1 -1 15  0 -1 -1]
 [-1  0  0 -1 -1 -1 -1 -1 -1 -1 -1  0  0 -1  0 -1  0 12 -1  0]
 [ 0  0 -1  0  0 -1 -1 -1  0 -1 -1  0  0 -1 -1  0 -1 -1 11 -1]
 [-1  0 -1 -1 -1 -1  0 -1 -1  0 -1  0 -1 -1  0  0 -1  0 -1 12]]

Autovalores: 
[  0.           7.24244553   8.61278913  16.87752758   9.31656688
   9.55587604  10.19661476  10.60106242  16.52840278  15.92769468
  15.49317389  15.18081799  14.73921284  11.41178808  14.04750822
  13.79311267  11.98856871  13.10399106  12.56208667  12.82076009]


Matriz Laplaciana do grafo: 10
[[11  0  0 -1  0 -1  0 -1  0 -1  0 -1 -1 -1  0 -1 -1  0 -1 -1]
 [ 0 10 -1 -1 -1 -1  0  0 -1 -1  0  0 -1 -1 -1  0  0  0 -1  0]
 [ 0 -1 12 -1  0 -1  0 -1  0  0  0 -1 -1 -1  0 -1 -1 -1 -1 -1]
 [-1 -1 -1 13  0 -1 -1 -1 -1  0 -1 -1  0  0 -1 -1 -1 -1  0  0]
 [ 0 -1  0  0  9 -1  0 -1  0 -1 -1 -1  0  0  0 -1  0 -1 -1  0]
 [-1 -1 -1 -1 -1 14 -1  0 -1 -1 -1 -1 -1 -1  0  0  0 -1 -1  0]
 [ 0  0  0 -1  0 -1  9  0 -1 -1 -1  0 -1  0  0 -1 -1  0 -1  0]
 [-1  0 -1 -1 -1  0  0 14 -1 -1 -1 -1  0 -1 -1  0 -1 -1 -1 -1]
 [ 0 -1  0 -1  0 -1 -1 -1 13 -1  0 -1  0  0 -1 -1 -1 -1 -1 -1]
 [-1 -1  0  0 -1 -1 -1 -1 -1 11  0  0  0 -1 -1 -1  0  0 -1  0]
 [ 0  0  0 -1 -1 -1 -1 -1  0  0 12 -1 -1 -1  0 -1 -1  0 -1 -1]
 [-1  0 -1 -1 -1 -1  0 -1 -1  0 -1 15 -1  0 -1 -1 -1 -1 -1 -1]
 [-1 -1 -1  0  0 -1 -1  0  0  0 -1 -1 11 -1 -1  0 -1  0  0 -1]
 [-1 -1 -1  0  0 -1  0 -1  0 -1 -1  0 -1 13 -1 -1  0 -1 -1 -1]
 [ 0 -1  0 -1  0  0  0 -1 -1 -1  0 -1 -1 -1 10  0 -1  0 -1  0]
 [-1  0 -1 -1 -1  0 -1  0 -1 -1 -1 -1  0 -1  0 12  0  0 -1 -1]
 [-1  0 -1 -1  0  0 -1 -1 -1  0 -1 -1 -1  0 -1  0 13 -1 -1 -1]
 [ 0  0 -1 -1 -1 -1  0 -1 -1  0  0 -1  0 -1  0  0 -1 10  0 -1]
 [-1 -1 -1  0 -1 -1 -1 -1 -1 -1 -1 -1  0 -1 -1 -1 -1  0 16 -1]
 [-1  0 -1  0  0  0  0 -1 -1  0 -1 -1 -1 -1  0 -1 -1 -1 -1 12]]

Autovalores: 
[  3.68905707e-16   1.75735072e+01   1.69684748e+01   1.64934201e+01
   8.08213077e+00   8.28874309e+00   8.51072150e+00   9.67877813e+00
   9.99124667e+00   1.04939802e+01   1.55623170e+01   1.13869325e+01
   1.17493799e+01   1.49538829e+01   1.46148620e+01   1.41609853e+01
   1.35035589e+01   1.29537462e+01   1.24706027e+01   1.25627300e+01]


Matriz Laplaciana do grafo: 11
[[15 -1 -1 -1 -1 -1 -1  0  0  0 -1 -1 -1 -1 -1 -1 -1  0 -1 -1]
 [-1 13 -1  0 -1 -1 -1 -1  0 -1 -1  0  0  0 -1 -1 -1 -1 -1  0]
 [-1 -1 12 -1 -1  0 -1 -1 -1  0  0  0 -1  0 -1 -1 -1  0  0 -1]
 [-1  0 -1 11 -1 -1  0  0  0 -1  0  0 -1  0 -1 -1 -1 -1 -1  0]
 [-1 -1 -1 -1 13 -1  0  0  0 -1 -1  0 -1 -1 -1 -1  0  0 -1 -1]
 [-1 -1  0 -1 -1 11  0 -1 -1 -1  0  0  0  0 -1 -1  0 -1 -1  0]
 [-1 -1 -1  0  0  0 14 -1 -1 -1 -1 -1 -1  0 -1 -1 -1  0 -1 -1]
 [ 0 -1 -1  0  0 -1 -1 13 -1 -1 -1  0  0 -1  0 -1 -1 -1 -1 -1]
 [ 0  0 -1  0  0 -1 -1 -1 12 -1  0 -1 -1 -1  0  0 -1 -1 -1 -1]
 [ 0 -1  0 -1 -1 -1 -1 -1 -1 13 -1 -1  0  0 -1  0  0 -1 -1 -1]
 [-1 -1  0  0 -1  0 -1 -1  0 -1 11 -1 -1 -1  0  0 -1  0 -1  0]
 [-1  0  0  0  0  0 -1  0 -1 -1 -1  9  0  0 -1 -1  0 -1 -1  0]
 [-1  0 -1 -1 -1  0 -1  0 -1  0 -1  0 10  0 -1  0 -1 -1  0  0]
 [-1  0  0  0 -1  0  0 -1 -1  0 -1  0  0  8  0  0 -1 -1 -1  0]
 [-1 -1 -1 -1 -1 -1 -1  0  0 -1  0 -1 -1  0 14 -1 -1  0 -1 -1]
 [-1 -1 -1 -1 -1 -1 -1 -1  0  0  0 -1  0  0 -1 11  0  0 -1  0]
 [-1 -1 -1 -1  0  0 -1 -1 -1  0 -1  0 -1 -1 -1  0 13  0 -1 -1]
 [ 0 -1  0 -1  0 -1  0 -1 -1 -1  0 -1 -1 -1  0  0  0 10 -1  0]
 [-1 -1  0 -1 -1 -1 -1 -1 -1 -1 -1 -1  0 -1 -1 -1 -1 -1 17 -1]
 [-1  0 -1  0 -1  0 -1 -1 -1 -1  0  0  0  0 -1  0 -1  0 -1 10]]

Autovalores: 
[  2.33551134e-15   1.82371165e+01   7.37402003e+00   8.21399572e+00
   8.81243735e+00   9.20357815e+00   9.48955129e+00   1.66642804e+01
   1.05816792e+01   1.60097603e+01   1.57670424e+01   1.53822796e+01
   1.49015403e+01   1.11656651e+01   1.43352321e+01   1.36463053e+01
   1.31434214e+01   1.29712266e+01   1.18610072e+01   1.22398608e+01]


Matriz Laplaciana do grafo: 12
[[15 -1 -1 -1 -1 -1 -1  0  0 -1 -1 -1  0 -1 -1 -1 -1 -1  0 -1]
 [-1 15 -1 -1 -1  0 -1  0  0 -1 -1 -1 -1 -1 -1 -1 -1  0 -1 -1]
 [-1 -1 12 -1 -1  0  0  0 -1 -1 -1 -1  0  0  0 -1 -1  0 -1 -1]
 [-1 -1 -1 13 -1 -1  0 -1  0  0 -1  0 -1 -1 -1  0  0 -1 -1 -1]
 [-1 -1 -1 -1 14  0  0  0 -1 -1  0 -1  0 -1 -1 -1 -1 -1 -1 -1]
 [-1  0  0 -1  0 13  0 -1 -1  0 -1 -1  0 -1 -1 -1 -1 -1 -1 -1]
 [-1 -1  0  0  0  0  8 -1 -1  0 -1  0  0 -1  0  0  0  0 -1 -1]
 [ 0  0  0 -1  0 -1 -1 12 -1 -1  0  0 -1  0 -1 -1 -1 -1 -1 -1]
 [ 0  0 -1  0 -1 -1 -1 -1 11  0  0 -1 -1 -1  0 -1 -1 -1  0  0]
 [-1 -1 -1  0 -1  0  0 -1  0 12 -1 -1 -1  0 -1 -1  0 -1 -1  0]
 [-1 -1 -1 -1  0 -1 -1  0  0 -1 10 -1  0  0 -1 -1  0  0  0  0]
 [-1 -1 -1  0 -1 -1  0  0 -1 -1 -1 13 -1  0 -1 -1  0  0 -1 -1]
 [ 0 -1  0 -1  0  0  0 -1 -1 -1  0 -1  9  0  0 -1 -1  0 -1  0]
 [-1 -1  0 -1 -1 -1 -1  0 -1  0  0  0  0  9 -1  0  0 -1  0  0]
 [-1 -1  0 -1 -1 -1  0 -1  0 -1 -1 -1  0 -1 14 -1 -1  0 -1 -1]
 [-1 -1 -1  0 -1 -1  0 -1 -1 -1 -1 -1 -1  0 -1 15 -1 -1 -1  0]
 [-1 -1 -1  0 -1 -1  0 -1 -1  0  0  0 -1  0 -1 -1 11  0  0 -1]
 [-1  0  0 -1 -1 -1  0 -1 -1 -1  0  0  0 -1  0 -1  0 10 -1  0]
 [ 0 -1 -1 -1 -1 -1 -1 -1  0 -1  0 -1 -1  0 -1 -1  0 -1 13  0]
 [-1 -1 -1 -1 -1 -1 -1 -1  0  0  0 -1  0  0 -1  0 -1  0  0 11]]

Autovalores: 
[  2.66453526e-15   7.27688153e+00   8.15581093e+00   8.48636439e+00
   1.71011594e+01   1.68026059e+01   9.42232066e+00   9.86301915e+00
   1.61384956e+01   1.57894523e+01   1.56159900e+01   1.50527680e+01
   1.47763450e+01   1.40769346e+01   1.05672178e+01   1.10815500e+01
   1.29719004e+01   1.26860193e+01   1.19153061e+01   1.22198590e+01]


Matriz Laplaciana do grafo: 13
[[12  0  0 -1  0 -1 -1 -1  0 -1 -1  0 -1  0 -1 -1 -1 -1 -1  0]
 [ 0 10  0  0 -1  0 -1 -1  0 -1  0 -1  0 -1 -1 -1  0  0 -1 -1]
 [ 0  0 15 -1 -1 -1 -1 -1 -1  0 -1 -1 -1  0 -1 -1 -1 -1 -1 -1]
 [-1  0 -1 13 -1  0  0 -1 -1 -1 -1  0  0 -1 -1  0 -1 -1 -1 -1]
 [ 0 -1 -1 -1 13 -1 -1  0  0  0  0 -1 -1 -1 -1 -1  0 -1 -1 -1]
 [-1  0 -1  0 -1 13 -1 -1  0 -1  0 -1 -1  0 -1  0 -1 -1 -1 -1]
 [-1 -1 -1  0 -1 -1 13 -1  0 -1  0 -1  0 -1  0 -1 -1  0 -1 -1]
 [-1 -1 -1 -1  0 -1 -1 11  0  0 -1 -1 -1  0  0  0 -1  0 -1  0]
 [ 0  0 -1 -1  0  0  0  0  4  0  0 -1  0  0  0  0  0  0 -1  0]
 [-1 -1  0 -1  0 -1 -1  0  0 11 -1 -1 -1 -1  0  0 -1  0 -1  0]
 [-1  0 -1 -1  0  0  0 -1  0 -1 11 -1 -1 -1  0 -1 -1  0 -1  0]
 [ 0 -1 -1  0 -1 -1 -1 -1 -1 -1 -1 15  0 -1 -1 -1 -1 -1 -1  0]
 [-1  0 -1  0 -1 -1  0 -1  0 -1 -1  0 13 -1 -1 -1 -1 -1 -1  0]
 [ 0 -1  0 -1 -1  0 -1  0  0 -1 -1 -1 -1 11 -1 -1 -1  0  0  0]
 [-1 -1 -1 -1 -1 -1  0  0  0  0  0 -1 -1 -1 13 -1 -1 -1 -1  0]
 [-1 -1 -1  0 -1  0 -1  0  0  0 -1 -1 -1 -1 -1 10  0  0  0  0]
 [-1  0 -1 -1  0 -1 -1 -1  0 -1 -1 -1 -1 -1 -1  0 15 -1 -1 -1]
 [-1  0 -1 -1 -1 -1  0  0  0  0  0 -1 -1  0 -1  0 -1 11 -1 -1]
 [-1 -1 -1 -1 -1 -1 -1 -1 -1 -1 -1 -1 -1  0 -1  0 -1 -1 17 -1]
 [ 0 -1 -1 -1 -1 -1 -1  0  0  0  0  0  0  0  0  0 -1 -1 -1  9]]

Autovalores: 
[  8.88178420e-16   3.90433203e+00   7.93382482e+00   1.82031881e+01
   8.64485568e+00   1.71201852e+01   1.66842297e+01   1.63351629e+01
   1.56263466e+01   9.65813579e+00   1.48034601e+01   1.04261703e+01
   1.06371966e+01   1.13883282e+01   1.19589124e+01   1.25554084e+01
   1.39666411e+01   1.36181337e+01   1.33793899e+01   1.31560985e+01]


Matriz Laplaciana do grafo: 14
[[13 -1  0 -1  0  0 -1 -1  0  0 -1 -1 -1 -1 -1 -1 -1  0 -1 -1]
 [-1 14 -1 -1 -1  0 -1 -1 -1 -1  0 -1  0 -1  0 -1  0 -1 -1 -1]
 [ 0 -1 12 -1  0  0 -1 -1 -1 -1 -1 -1 -1  0  0  0 -1 -1  0 -1]
 [-1 -1 -1 13  0 -1 -1 -1 -1 -1 -1  0  0 -1  0  0 -1  0 -1 -1]
 [ 0 -1  0  0 10 -1  0  0 -1  0 -1  0 -1  0 -1 -1 -1 -1 -1  0]
 [ 0  0  0 -1 -1  9  0  0 -1 -1  0  0 -1  0 -1  0 -1  0 -1 -1]
 [-1 -1 -1 -1  0  0 14  0 -1 -1  0 -1 -1 -1  0 -1 -1 -1 -1 -1]
 [-1 -1 -1 -1  0  0  0 11 -1 -1 -1  0 -1 -1 -1  0  0 -1  0  0]
 [ 0 -1 -1 -1 -1 -1 -1 -1 12 -1  0 -1  0 -1 -1  0 -1  0  0  0]
 [ 0 -1 -1 -1  0 -1 -1 -1 -1 15 -1  0 -1 -1 -1 -1 -1 -1 -1  0]
 [-1  0 -1 -1 -1  0  0 -1  0 -1 13  0 -1 -1 -1 -1  0 -1 -1 -1]
 [-1 -1 -1  0  0  0 -1  0 -1  0  0  8 -1  0  0  0 -1  0 -1  0]
 [-1  0 -1  0 -1 -1 -1 -1  0 -1 -1 -1 13 -1 -1 -1  0  0  0 -1]
 [-1 -1  0 -1  0  0 -1 -1 -1 -1 -1  0 -1 13 -1  0 -1 -1  0 -1]
 [-1  0  0  0 -1 -1  0 -1 -1 -1 -1  0 -1 -1 13 -1 -1 -1 -1  0]
 [-1 -1  0  0 -1  0 -1  0  0 -1 -1  0 -1  0 -1 11 -1  0 -1 -1]
 [-1  0 -1 -1 -1 -1 -1  0 -1 -1  0 -1  0 -1 -1 -1 13  0 -1  0]
 [ 0 -1 -1  0 -1  0 -1 -1  0 -1 -1  0  0 -1 -1  0  0  9  0  0]
 [-1 -1  0 -1 -1 -1 -1  0  0 -1 -1 -1  0  0 -1 -1 -1  0 13 -1]
 [-1 -1 -1 -1  0 -1 -1  0  0  0 -1  0 -1 -1  0 -1  0  0 -1 11]]

Autovalores: 
[  8.88178420e-16   7.31904159e+00   7.76826299e+00   1.70808816e+01
   8.89782664e+00   9.25716875e+00   1.64115979e+01   1.62183085e+01
   1.04475194e+01   1.53540365e+01   1.49772509e+01   1.45326345e+01
   1.42524023e+01   1.39028495e+01   1.35812687e+01   1.11594752e+01
   1.14832669e+01   1.20761472e+01   1.27657190e+01   1.25143419e+01]


Matriz Laplaciana do grafo: 15
[[14 -1 -1 -1 -1  0 -1 -1  0  0 -1  0 -1 -1 -1 -1 -1  0 -1 -1]
 [-1 12 -1 -1  0 -1 -1 -1  0 -1  0 -1 -1  0 -1  0 -1 -1  0  0]
 [-1 -1 14 -1 -1 -1 -1 -1  0  0 -1 -1  0  0 -1 -1 -1 -1 -1  0]
 [-1 -1 -1 12 -1 -1  0 -1 -1 -1  0  0  0 -1  0 -1  0 -1  0 -1]
 [-1  0 -1 -1 14 -1  0  0 -1 -1 -1 -1  0  0 -1 -1 -1 -1 -1 -1]
 [ 0 -1 -1 -1 -1 12  0 -1  0 -1 -1  0  0  0 -1 -1 -1 -1  0 -1]
 [-1 -1 -1  0  0  0 13 -1 -1  0 -1 -1 -1 -1  0 -1  0 -1 -1 -1]
 [-1 -1 -1 -1  0 -1 -1 11  0  0  0 -1 -1  0  0 -1  0  0 -1 -1]
 [ 0  0  0 -1 -1  0 -1  0  8  0 -1  0 -1 -1  0 -1  0  0 -1  0]
 [ 0 -1  0 -1 -1 -1  0  0  0 11 -1 -1 -1  0  0  0 -1 -1 -1 -1]
 [-1  0 -1  0 -1 -1 -1  0 -1 -1 13  0 -1  0 -1 -1 -1 -1 -1  0]
 [ 0 -1 -1  0 -1  0 -1 -1  0 -1  0 12 -1 -1  0 -1  0 -1 -1 -1]
 [-1 -1  0  0  0  0 -1 -1 -1 -1 -1 -1 11  0 -1  0  0 -1 -1  0]
 [-1  0  0 -1  0  0 -1  0 -1  0  0 -1  0  9 -1 -1 -1 -1  0  0]
 [-1 -1 -1  0 -1 -1  0  0  0  0 -1  0 -1 -1 11  0 -1 -1 -1  0]
 [-1  0 -1 -1 -1 -1 -1 -1 -1  0 -1 -1  0 -1  0 14 -1 -1  0 -1]
 [-1 -1 -1  0 -1 -1  0  0  0 -1 -1  0  0 -1 -1 -1 11 -1  0  0]
 [ 0 -1 -1 -1 -1 -1 -1  0  0 -1 -1 -1 -1 -1 -1 -1 -1 16 -1 -1]
 [-1  0 -1  0 -1  0 -1 -1 -1 -1 -1 -1 -1  0 -1  0  0 -1 12  0]
 [-1  0  0 -1 -1 -1 -1 -1  0 -1  0 -1  0  0  0 -1  0 -1  0 10]]

Autovalores: 
[  1.77635684e-15   7.23714386e+00   1.76749449e+01   8.38467971e+00
   8.70112434e+00   9.33954690e+00   1.03741462e+01   1.60632485e+01
   1.58233392e+01   1.56445438e+01   1.54122095e+01   1.49500159e+01
   1.44147849e+01   1.09515551e+01   1.15672103e+01   1.19277066e+01
   1.33581465e+01   1.24509575e+01   1.27595820e+01   1.29651142e+01]


Matriz Laplaciana do grafo: 16
[[11 -1  0 -1 -1  0  0  0 -1 -1 -1 -1 -1  0 -1  0  0  0 -1 -1]
 [-1 10  0  0 -1  0  0 -1 -1 -1 -1 -1  0  0 -1 -1  0  0 -1  0]
 [ 0  0 13 -1  0 -1 -1 -1 -1 -1  0 -1  0 -1 -1 -1 -1  0 -1 -1]
 [-1  0 -1  9  0 -1  0  0  0 -1  0 -1 -1 -1  0  0 -1 -1  0  0]
 [-1 -1  0  0 15 -1 -1  0 -1 -1 -1 -1 -1 -1 -1  0 -1 -1 -1 -1]
 [ 0  0 -1 -1 -1 13 -1 -1 -1  0  0 -1 -1 -1 -1 -1  0 -1 -1  0]
 [ 0  0 -1  0 -1 -1 12 -1  0 -1  0 -1 -1 -1  0 -1 -1  0 -1 -1]
 [ 0 -1 -1  0  0 -1 -1 12  0  0  0 -1 -1 -1 -1 -1 -1 -1 -1  0]
 [-1 -1 -1  0 -1 -1  0  0 12 -1 -1 -1  0  0 -1 -1  0 -1 -1  0]
 [-1 -1 -1 -1 -1  0 -1  0 -1 13 -1  0 -1  0  0 -1 -1 -1 -1  0]
 [-1 -1  0  0 -1  0  0  0 -1 -1 10 -1  0 -1 -1  0 -1  0 -1  0]
 [-1 -1 -1 -1 -1 -1 -1 -1 -1  0 -1 13  0  0  0 -1  0 -1 -1  0]
 [-1  0  0 -1 -1 -1 -1 -1  0 -1  0  0 10  0  0 -1 -1 -1  0  0]
 [ 0  0 -1 -1 -1 -1 -1 -1  0  0 -1  0  0 13 -1 -1 -1 -1 -1 -1]
 [-1 -1 -1  0 -1 -1  0 -1 -1  0 -1  0  0 -1 12 -1  0 -1  0 -1]
 [ 0 -1 -1  0  0 -1 -1 -1 -1 -1  0 -1 -1 -1 -1 13 -1  0 -1  0]
 [ 0  0 -1 -1 -1  0 -1 -1  0 -1 -1  0 -1 -1  0 -1 12 -1 -1  0]
 [ 0  0  0 -1 -1 -1  0 -1 -1 -1  0 -1 -1 -1 -1  0 -1 13 -1 -1]
 [-1 -1 -1  0 -1 -1 -1 -1 -1 -1 -1 -1  0 -1  0 -1 -1 -1 16 -1]
 [-1  0 -1  0 -1  0 -1  0  0  0  0  0  0 -1 -1  0  0 -1 -1  8]]

Autovalores: 
[ -1.15272249e-15   7.42181140e+00   7.50701670e+00   8.84863426e+00
   1.75298862e+01   1.71072244e+01   9.89147180e+00   1.02053607e+01
   1.60703240e+01   1.11376198e+01   1.14407567e+01   1.20947306e+01
   1.24112970e+01   1.28238549e+01   1.33268356e+01   1.49564612e+01
   1.47152037e+01   1.39156348e+01   1.42382227e+01   1.43576535e+01]


Matriz Laplaciana do grafo: 17
[[ 9  0 -1 -1 -1  0  0 -1  0 -1 -1  0  0  0  0  0 -1 -1 -1  0]
 [ 0 13 -1 -1 -1 -1 -1  0  0 -1 -1 -1 -1 -1  0 -1 -1  0  0 -1]
 [-1 -1 15 -1 -1 -1 -1 -1 -1 -1 -1  0  0 -1  0 -1  0 -1 -1 -1]
 [-1 -1 -1 14  0 -1 -1 -1  0 -1 -1 -1 -1 -1 -1  0 -1  0 -1  0]
 [-1 -1 -1  0 13 -1 -1 -1  0 -1  0  0 -1 -1  0 -1  0 -1 -1 -1]
 [ 0 -1 -1 -1 -1 12  0 -1  0 -1 -1 -1 -1  0  0 -1 -1  0  0 -1]
 [ 0 -1 -1 -1 -1  0 11  0  0  0 -1 -1 -1  0 -1  0 -1 -1 -1  0]
 [-1  0 -1 -1 -1 -1  0 12 -1 -1  0 -1 -1  0 -1 -1  0  0 -1  0]
 [ 0  0 -1  0  0  0  0 -1  9 -1  0  0 -1  0 -1 -1 -1 -1 -1  0]
 [-1 -1 -1 -1 -1 -1  0 -1 -1 13 -1  0 -1  0  0 -1 -1 -1  0  0]
 [-1 -1 -1 -1  0 -1 -1  0  0 -1 12 -1  0  0  0 -1 -1  0 -1 -1]
 [ 0 -1  0 -1  0 -1 -1 -1  0  0 -1 11 -1  0 -1 -1  0 -1 -1  0]
 [ 0 -1  0 -1 -1 -1 -1 -1 -1 -1  0 -1 14 -1  0 -1 -1  0 -1 -1]
 [ 0 -1 -1 -1 -1  0  0  0  0  0  0  0 -1 10 -1 -1 -1 -1 -1  0]
 [ 0  0  0 -1  0  0 -1 -1 -1  0  0 -1  0 -1  8  0  0 -1  0 -1]
 [ 0 -1 -1  0 -1 -1  0 -1 -1 -1 -1 -1 -1 -1  0 14 -1  0 -1 -1]
 [-1 -1  0 -1  0 -1 -1  0 -1 -1 -1  0 -1 -1  0 -1 14 -1 -1 -1]
 [-1  0 -1  0 -1  0 -1  0 -1 -1  0 -1  0 -1 -1  0 -1 12 -1 -1]
 [-1  0 -1 -1 -1  0 -1 -1 -1  0 -1 -1 -1 -1  0 -1 -1 -1 14  0]
 [ 0 -1 -1  0 -1 -1  0  0  0  0 -1  0 -1  0 -1 -1 -1 -1  0 10]]

Autovalores: 
[  8.88178420e-16   7.22464136e+00   8.23695776e+00   1.73001237e+01
   8.74889489e+00   9.56730945e+00   9.43018981e+00   1.04234074e+01
   1.15489965e+01   1.18289925e+01   1.65604402e+01   1.61092426e+01
   1.26051865e+01   1.54836825e+01   1.51753730e+01   1.49290885e+01
   1.31886004e+01   1.35271294e+01   1.38463271e+01   1.42654164e+01]


Matriz Laplaciana do grafo: 18
[[ 9  0 -1  0 -1 -1  0  0 -1  0 -1 -1  0  0  0 -1 -1  0 -1  0]
 [ 0  9  0  0  0  0 -1  0 -1  0  0 -1  0 -1 -1 -1 -1  0 -1 -1]
 [-1  0 13 -1 -1  0 -1  0 -1 -1 -1  0 -1  0 -1 -1  0 -1 -1 -1]
 [ 0  0 -1 16 -1 -1 -1 -1 -1 -1 -1 -1 -1 -1 -1 -1 -1 -1  0 -1]
 [-1  0 -1 -1 13 -1 -1 -1 -1 -1 -1 -1 -1  0  0 -1 -1  0  0  0]
 [-1  0  0 -1 -1 12 -1 -1  0  0  0 -1 -1  0  0 -1 -1 -1 -1 -1]
 [ 0 -1 -1 -1 -1 -1 14 -1  0 -1 -1 -1  0 -1 -1  0 -1 -1 -1  0]
 [ 0  0  0 -1 -1 -1 -1 14 -1 -1 -1 -1 -1 -1  0 -1 -1 -1 -1  0]
 [-1 -1 -1 -1 -1  0  0 -1 12  0 -1  0 -1 -1  0 -1 -1 -1  0  0]
 [ 0  0 -1 -1 -1  0 -1 -1  0 10 -1 -1 -1  0  0  0  0  0 -1 -1]
 [-1  0 -1 -1 -1  0 -1 -1 -1 -1 12 -1 -1  0 -1  0 -1  0  0  0]
 [-1 -1  0 -1 -1 -1 -1 -1  0 -1 -1 12  0 -1  0 -1  0  0  0 -1]
 [ 0  0 -1 -1 -1 -1  0 -1 -1 -1 -1  0 14 -1 -1 -1 -1  0 -1 -1]
 [ 0 -1  0 -1  0  0 -1 -1 -1  0  0 -1 -1 13 -1 -1 -1 -1 -1 -1]
 [ 0 -1 -1 -1  0  0 -1  0  0  0 -1  0 -1 -1  9  0 -1 -1  0  0]
 [-1 -1 -1 -1 -1 -1  0 -1 -1  0  0 -1 -1 -1  0 12  0 -1  0  0]
 [-1 -1  0 -1 -1 -1 -1 -1 -1  0 -1  0 -1 -1 -1  0 14 -1  0 -1]
 [ 0  0 -1 -1  0 -1 -1 -1 -1  0  0  0  0 -1 -1 -1 -1 11  0 -1]
 [-1 -1 -1  0  0 -1 -1 -1  0 -1  0  0 -1 -1  0  0  0  0 10 -1]
 [ 0 -1 -1 -1  0 -1  0  0  0 -1  0 -1 -1 -1  0  0 -1 -1 -1 11]]

Autovalores: 
[  0.           7.5339291    8.38408667   8.53019574  17.23663029
   9.4446573    9.84556905  16.52116591  10.93142493  11.28766536
  16.08957371  11.93577772  12.16894498  12.57262326  13.10928485
  15.70440788  15.5891306   14.88750761  14.29053384  13.9368912 ]


Matriz Laplaciana do grafo: 19
[[16 -1 -1 -1 -1 -1 -1 -1 -1 -1  0 -1 -1  0 -1  0 -1 -1 -1 -1]
 [-1 11 -1 -1 -1  0 -1  0 -1 -1  0  0 -1 -1  0 -1  0  0 -1  0]
 [-1 -1 11 -1 -1 -1  0 -1  0 -1  0  0  0 -1 -1 -1  0  0  0 -1]
 [-1 -1 -1 11 -1  0  0  0 -1  0  0 -1 -1  0 -1 -1  0  0 -1 -1]
 [-1 -1 -1 -1 16 -1  0 -1 -1 -1  0 -1 -1 -1  0 -1 -1 -1 -1 -1]
 [-1  0 -1  0 -1 13 -1 -1 -1 -1  0 -1  0 -1  0 -1 -1  0 -1 -1]
 [-1 -1  0  0  0 -1 10 -1 -1 -1  0 -1 -1 -1 -1  0  0  0  0  0]
 [-1  0 -1  0 -1 -1 -1 12  0 -1 -1 -1  0  0 -1 -1 -1 -1  0  0]
 [-1 -1  0 -1 -1 -1 -1  0 13 -1  0 -1 -1  0 -1  0  0 -1 -1 -1]
 [-1 -1 -1  0 -1 -1 -1 -1 -1 16  0 -1 -1 -1 -1 -1  0 -1 -1 -1]
 [ 0  0  0  0  0  0  0 -1  0  0  4  0  0  0 -1 -1  0  0 -1  0]
 [-1  0  0 -1 -1 -1 -1 -1 -1 -1  0 13 -1 -1 -1  0  0 -1 -1  0]
 [-1 -1  0 -1 -1  0 -1  0 -1 -1  0 -1 13 -1  0  0 -1 -1 -1 -1]
 [ 0 -1 -1  0 -1 -1 -1  0  0 -1  0 -1 -1 12  0  0 -1 -1 -1 -1]
 [-1  0 -1 -1  0  0 -1 -1 -1 -1 -1 -1  0  0 13  0 -1 -1 -1 -1]
 [ 0 -1 -1 -1 -1 -1  0 -1  0 -1 -1  0  0  0  0  9  0  0 -1  0]
 [-1  0  0  0 -1 -1  0 -1  0  0  0  0 -1 -1 -1  0  9  0 -1 -1]
 [-1  0  0  0 -1  0  0 -1 -1 -1  0 -1 -1 -1 -1  0  0 10 -1  0]
 [-1 -1  0 -1 -1 -1  0  0 -1 -1 -1 -1 -1 -1 -1 -1 -1 -1 16 -1]
 [-1  0 -1 -1 -1 -1  0  0 -1 -1  0  0 -1 -1 -1  0 -1  0 -1 12]]

Autovalores: 
[  1.33226763e-15   3.77887049e+00   7.91992845e+00   1.75250331e+01
   1.73571820e+01   1.74129529e+01   1.68075915e+01   8.55673382e+00
   9.57569892e+00   9.69227173e+00   1.05841338e+01   1.09035766e+01
   1.17298186e+01   1.56607521e+01   1.51018758e+01   1.26375795e+01
   1.29302016e+01   1.36177091e+01   1.39958824e+01   1.42122077e+01]


Matriz Laplaciana do grafo: 20
[[13 -1  0 -1 -1 -1  0  0 -1 -1 -1 -1  0 -1  0 -1 -1  0 -1 -1]
 [-1 12  0  0 -1  0 -1  0 -1 -1 -1 -1  0  0 -1  0 -1 -1 -1 -1]
 [ 0  0 14  0  0 -1 -1 -1 -1 -1 -1 -1 -1 -1 -1 -1 -1 -1 -1  0]
 [-1  0  0 11 -1  0 -1 -1 -1 -1 -1  0  0  0  0 -1 -1 -1 -1  0]
 [-1 -1  0 -1 10 -1  0  0  0 -1  0  0 -1 -1 -1  0 -1  0 -1  0]
 [-1  0 -1  0 -1 10  0 -1  0  0  0 -1  0 -1 -1  0 -1 -1  0 -1]
 [ 0 -1 -1 -1  0  0 10 -1 -1 -1  0  0 -1 -1 -1 -1  0  0  0  0]
 [ 0  0 -1 -1  0 -1 -1  9  0 -1 -1 -1  0  0  0 -1  0  0 -1  0]
 [-1 -1 -1 -1  0  0 -1  0 12 -1  0  0  0 -1 -1 -1 -1 -1 -1  0]
 [-1 -1 -1 -1 -1  0 -1 -1 -1 14  0  0 -1 -1 -1 -1  0  0 -1 -1]
 [-1 -1 -1 -1  0  0  0 -1  0  0 10  0  0 -1 -1  0 -1 -1  0 -1]
 [-1 -1 -1  0  0 -1  0 -1  0  0  0 12  0 -1 -1 -1 -1 -1 -1 -1]
 [ 0  0 -1  0 -1  0 -1  0  0 -1  0  0 10 -1 -1 -1 -1 -1  0 -1]
 [-1  0 -1  0 -1 -1 -1  0 -1 -1 -1 -1 -1 13  0 -1 -1 -1  0  0]
 [ 0 -1 -1  0 -1 -1 -1  0 -1 -1 -1 -1 -1  0 15 -1 -1 -1 -1 -1]
 [-1  0 -1 -1  0  0 -1 -1 -1 -1  0 -1 -1 -1 -1 14 -1 -1 -1  0]
 [-1 -1 -1 -1 -1 -1  0  0 -1  0 -1 -1 -1 -1 -1 -1 15 -1  0 -1]
 [ 0 -1 -1 -1  0 -1  0  0 -1  0 -1 -1 -1 -1 -1 -1 -1 13 -1  0]
 [-1 -1 -1 -1 -1  0  0 -1 -1 -1  0 -1  0  0 -1 -1  0 -1 13 -1]
 [-1 -1  0  0  0 -1  0  0  0 -1 -1 -1 -1  0 -1  0 -1  0 -1 10]]

Autovalores: 
[ -1.63445141e-16   7.88417100e+00   8.32139693e+00   1.73562157e+01
   9.16306003e+00   9.37181079e+00   1.01120199e+01   1.00717703e+01
   1.67200044e+01   1.09688288e+01   1.15155481e+01   1.24338629e+01
   1.26351769e+01   1.59345278e+01   1.34796809e+01   1.56136221e+01
   1.41076159e+01   1.43903897e+01   1.48522094e+01   1.50680884e+01]


Matriz Laplaciana do grafo: 21
[[14  0 -1 -1  0  0  0 -1 -1 -1 -1 -1 -1 -1  0 -1 -1 -1 -1 -1]
 [ 0 10 -1 -1  0 -1  0 -1  0 -1 -1  0  0 -1 -1 -1 -1  0  0  0]
 [-1 -1 10 -1  0  0 -1 -1  0 -1  0  0 -1  0 -1 -1 -1  0  0  0]
 [-1 -1 -1 14  0 -1  0 -1 -1 -1  0 -1 -1  0 -1 -1  0 -1 -1 -1]
 [ 0  0  0  0 10  0 -1 -1 -1  0 -1 -1 -1  0 -1  0  0 -1 -1 -1]
 [ 0 -1  0 -1  0 13 -1 -1 -1 -1  0 -1  0 -1 -1 -1 -1 -1  0 -1]
 [ 0  0 -1  0 -1 -1 11 -1 -1  0 -1 -1  0 -1  0 -1 -1 -1  0  0]
 [-1 -1 -1 -1 -1 -1 -1 12  0 -1 -1  0 -1  0  0  0 -1  0 -1  0]
 [-1  0  0 -1 -1 -1 -1  0 13 -1 -1 -1 -1  0 -1 -1 -1 -1  0  0]
 [-1 -1 -1 -1  0 -1  0 -1 -1 13 -1 -1 -1  0 -1  0  0  0 -1 -1]
 [-1 -1  0  0 -1  0 -1 -1 -1 -1 15 -1  0 -1 -1 -1 -1 -1 -1 -1]
 [-1  0  0 -1 -1 -1 -1  0 -1 -1 -1 14 -1  0 -1 -1 -1 -1  0 -1]
 [-1  0 -1 -1 -1  0  0 -1 -1 -1  0 -1 12 -1  0 -1 -1  0  0 -1]
 [-1 -1  0  0  0 -1 -1  0  0  0 -1  0 -1  9 -1 -1  0  0 -1  0]
 [ 0 -1 -1 -1 -1 -1  0  0 -1 -1 -1 -1  0 -1 12  0 -1  0 -1  0]
 [-1 -1 -1 -1  0 -1 -1  0 -1  0 -1 -1 -1 -1  0 14 -1 -1 -1  0]
 [-1 -1 -1  0  0 -1 -1 -1 -1  0 -1 -1 -1  0 -1 -1 14 -1 -1  0]
 [-1  0  0 -1 -1 -1 -1  0 -1  0 -1 -1  0  0  0 -1 -1 11  0 -1]
 [-1  0  0 -1 -1  0  0 -1  0 -1 -1  0  0 -1 -1 -1 -1  0 10  0]
 [-1  0  0 -1 -1 -1  0  0  0 -1 -1 -1 -1  0  0  0  0 -1  0  9]]

Autovalores: 
[  8.88178420e-16   7.38479533e+00   8.60845836e+00   9.11478789e+00
   9.26027051e+00   1.71783656e+01   1.68272041e+01   1.01787005e+01
   1.04966086e+01   1.62780773e+01   1.12063757e+01   1.16716553e+01
   1.19594248e+01   1.56749017e+01   1.30269252e+01   1.35330227e+01
   1.37050922e+01   1.47406097e+01   1.46704386e+01   1.44842858e+01]


Matriz Laplaciana do grafo: 22
[[ 9 -1 -1 -1 -1  0  0  0  0 -1  0 -1 -1  0 -1  0  0  0 -1  0]
 [-1 14 -1 -1  0  0 -1 -1 -1 -1  0  0 -1 -1  0 -1 -1 -1 -1 -1]
 [-1 -1  9  0  0  0  0 -1 -1 -1 -1  0  0  0 -1 -1 -1  0  0  0]
 [-1 -1  0 10 -1  0  0 -1  0  0  0 -1  0 -1 -1 -1 -1  0 -1  0]
 [-1  0  0 -1 12 -1  0 -1  0 -1  0 -1 -1 -1  0  0 -1 -1 -1 -1]
 [ 0  0  0  0 -1 12 -1 -1 -1 -1  0 -1  0 -1  0 -1 -1 -1 -1 -1]
 [ 0 -1  0  0  0 -1  9  0 -1  0 -1  0 -1 -1 -1 -1  0 -1  0  0]
 [ 0 -1 -1 -1 -1 -1  0 10  0 -1 -1  0 -1  0  0  0 -1 -1  0  0]
 [ 0 -1 -1  0  0 -1 -1  0 11  0 -1 -1  0 -1 -1  0 -1  0 -1 -1]
 [-1 -1 -1  0 -1 -1  0 -1  0 12 -1 -1 -1  0 -1  0 -1 -1  0  0]
 [ 0  0 -1  0  0  0 -1 -1 -1 -1 14 -1 -1 -1 -1 -1 -1 -1 -1 -1]
 [-1  0  0 -1 -1 -1  0  0 -1 -1 -1 12  0 -1  0  0 -1 -1 -1 -1]
 [-1 -1  0  0 -1  0 -1 -1  0 -1 -1  0 14 -1 -1 -1 -1 -1 -1 -1]
 [ 0 -1  0 -1 -1 -1 -1  0 -1  0 -1 -1 -1 13 -1 -1  0 -1  0 -1]
 [-1  0 -1 -1  0  0 -1  0 -1 -1 -1  0 -1 -1 13 -1 -1 -1 -1  0]
 [ 0 -1 -1 -1  0 -1 -1  0  0  0 -1  0 -1 -1 -1 13 -1 -1 -1 -1]
 [ 0 -1 -1 -1 -1 -1  0 -1 -1 -1 -1 -1 -1  0 -1 -1 15 -1  0 -1]
 [ 0 -1  0  0 -1 -1 -1 -1  0 -1 -1 -1 -1 -1 -1 -1 -1 14  0 -1]
 [-1 -1  0 -1 -1 -1  0  0 -1  0 -1 -1 -1  0 -1 -1  0  0 12 -1]
 [ 0 -1  0  0 -1 -1  0  0 -1  0 -1 -1 -1 -1  0 -1 -1 -1 -1 12]]

Autovalores: 
[  8.88178420e-16   7.36023419e+00   1.75743106e+01   8.15204676e+00
   8.76529289e+00   9.52141910e+00   9.99124856e+00   1.63853730e+01
   1.58460640e+01   1.55354939e+01   1.12572835e+01   1.49809547e+01
   1.17488595e+01   1.46686558e+01   1.40862645e+01   1.21425191e+01
   1.24579776e+01   1.34024232e+01   1.30389906e+01   1.30845887e+01]


Matriz Laplaciana do grafo: 23
[[ 9  0  0  0 -1  0  0 -1  0  0  0 -1 -1 -1  0  0 -1 -1 -1 -1]
 [ 0 13 -1 -1 -1 -1 -1  0 -1  0  0 -1 -1 -1 -1  0 -1  0 -1 -1]
 [ 0 -1 10 -1  0  0  0 -1 -1  0 -1 -1 -1 -1  0  0  0 -1  0 -1]
 [ 0 -1 -1 12 -1  0  0 -1  0 -1 -1 -1 -1 -1 -1 -1  0 -1  0  0]
 [-1 -1  0 -1 14  0 -1  0 -1 -1  0 -1 -1 -1 -1 -1 -1  0 -1 -1]
 [ 0 -1  0  0  0 11 -1 -1 -1 -1  0 -1  0 -1  0  0 -1 -1 -1 -1]
 [ 0 -1  0  0 -1 -1 12 -1  0 -1 -1 -1 -1 -1 -1 -1  0  0 -1  0]
 [-1  0 -1 -1  0 -1 -1 12  0  0 -1 -1  0 -1 -1 -1 -1  0  0 -1]
 [ 0 -1 -1  0 -1 -1  0  0 10  0 -1 -1  0 -1  0  0  0 -1 -1 -1]
 [ 0  0  0 -1 -1 -1 -1  0  0 12 -1 -1  0 -1 -1  0 -1 -1 -1 -1]
 [ 0  0 -1 -1  0  0 -1 -1 -1 -1 12 -1 -1 -1  0  0  0 -1 -1 -1]
 [-1 -1 -1 -1 -1 -1 -1 -1 -1 -1 -1 16 -1 -1  0  0  0 -1 -1 -1]
 [-1 -1 -1 -1 -1  0 -1  0  0  0 -1 -1 10  0 -1  0  0  0 -1  0]
 [-1 -1 -1 -1 -1 -1 -1 -1 -1 -1 -1 -1  0 16 -1 -1 -1  0 -1  0]
 [ 0 -1  0 -1 -1  0 -1 -1  0 -1  0  0 -1 -1 12  0 -1 -1 -1 -1]
 [ 0  0  0 -1 -1  0 -1 -1  0  0  0  0  0 -1  0  7  0  0 -1 -1]
 [-1 -1  0  0 -1 -1  0 -1  0 -1  0  0  0 -1 -1  0 11 -1 -1 -1]
 [-1  0 -1 -1  0 -1  0  0 -1 -1 -1 -1  0  0 -1  0 -1 11  0 -1]
 [-1 -1  0  0 -1 -1 -1  0 -1 -1 -1 -1 -1 -1 -1 -1 -1  0 15 -1]
 [-1 -1 -1  0 -1 -1  0 -1 -1 -1 -1 -1  0  0 -1 -1 -1 -1 -1 15]]

Autovalores: 
[ -8.88178420e-16   6.62518172e+00   1.79894485e+01   8.21925807e+00
   8.61135018e+00   9.16208872e+00   1.73449762e+01   1.63189250e+01
   1.63895172e+01   9.95351544e+00   1.54185750e+01   1.49305938e+01
   1.10034573e+01   1.08422351e+01   1.41199718e+01   1.36189511e+01
   1.18079848e+01   1.23861003e+01   1.25097766e+01   1.27480932e+01]


Matriz Laplaciana do grafo: 24
[[15 -1 -1  0 -1 -1 -1 -1 -1  0 -1 -1 -1  0 -1 -1  0 -1 -1 -1]
 [-1  8  0 -1  0 -1  0  0  0  0  0 -1 -1 -1 -1  0  0 -1  0  0]
 [-1  0 12 -1 -1 -1  0 -1 -1 -1 -1  0 -1 -1  0 -1 -1  0  0  0]
 [ 0 -1 -1 10  0  0  0 -1 -1 -1  0 -1  0  0 -1 -1  0  0 -1 -1]
 [-1  0 -1  0 15 -1 -1 -1 -1 -1 -1 -1  0 -1  0 -1 -1 -1 -1 -1]
 [-1 -1 -1  0 -1 12 -1  0 -1 -1  0 -1 -1  0  0 -1  0  0 -1 -1]
 [-1  0  0  0 -1 -1 12  0 -1 -1 -1  0  0 -1 -1  0 -1 -1 -1 -1]
 [-1  0 -1 -1 -1  0  0 12 -1 -1 -1  0  0  0 -1 -1  0 -1 -1 -1]
 [-1  0 -1 -1 -1 -1 -1 -1 15  0 -1 -1  0 -1 -1 -1 -1 -1 -1  0]
 [ 0  0 -1 -1 -1 -1 -1 -1  0 13 -1  0  0 -1  0 -1 -1 -1 -1 -1]
 [-1  0 -1  0 -1  0 -1 -1 -1 -1 13  0 -1 -1  0 -1 -1  0 -1 -1]
 [-1 -1  0 -1 -1 -1  0  0 -1  0  0 10  0 -1 -1 -1  0  0 -1  0]
 [-1 -1 -1  0  0 -1  0  0  0  0 -1  0 12 -1 -1 -1 -1 -1 -1 -1]
 [ 0 -1 -1  0 -1  0 -1  0 -1 -1 -1 -1 -1 11  0  0 -1  0 -1  0]
 [-1 -1  0 -1  0  0 -1 -1 -1  0  0 -1 -1  0 11 -1  0 -1  0 -1]
 [-1  0 -1 -1 -1 -1  0 -1 -1 -1 -1 -1 -1  0 -1 13  0  0 -1  0]
 [ 0  0 -1  0 -1  0 -1  0 -1 -1 -1  0 -1 -1  0  0 10  0 -1 -1]
 [-1 -1  0  0 -1  0 -1 -1 -1 -1  0  0 -1  0 -1  0  0  9  0  0]
 [-1  0  0 -1 -1 -1 -1 -1 -1 -1 -1 -1 -1 -1  0 -1 -1  0 15 -1]
 [-1  0  0 -1 -1 -1 -1 -1  0 -1 -1  0 -1  0 -1  0 -1  0 -1 12]]

Autovalores: 
[  1.75157910e-15   6.80323863e+00   1.69887579e+01   1.68224486e+01
   1.64865146e+01   1.61247384e+01   8.32090317e+00   8.55269560e+00
   1.51703238e+01   1.48888622e+01   9.92492636e+00   1.40621097e+01
   1.35693369e+01   1.33764882e+01   1.05365489e+01   1.06428050e+01
   1.12330764e+01   1.24979453e+01   1.22784080e+01   1.17198724e+01]


Matriz Laplaciana do grafo: 25
[[ 7 -1  0  0 -1  0 -1  0  0 -1  0  0 -1 -1  0  0  0  0  0 -1]
 [-1 14  0 -1  0 -1 -1  0 -1  0 -1 -1 -1 -1 -1 -1 -1 -1  0 -1]
 [ 0  0 12 -1 -1 -1 -1 -1 -1  0 -1  0  0 -1  0 -1 -1  0 -1 -1]
 [ 0 -1 -1 13 -1 -1 -1 -1 -1  0 -1  0 -1  0 -1  0 -1 -1  0 -1]
 [-1  0 -1 -1 13 -1 -1  0 -1 -1 -1 -1  0 -1  0 -1  0  0 -1 -1]
 [ 0 -1 -1 -1 -1 12 -1 -1  0 -1  0 -1 -1 -1  0  0 -1  0 -1  0]
 [-1 -1 -1 -1 -1 -1 17 -1 -1 -1  0 -1 -1  0 -1 -1 -1 -1 -1 -1]
 [ 0  0 -1 -1  0 -1 -1 10  0 -1  0 -1 -1  0  0 -1 -1 -1  0  0]
 [ 0 -1 -1 -1 -1  0 -1  0 12  0 -1 -1 -1  0 -1 -1  0 -1  0 -1]
 [-1  0  0  0 -1 -1 -1 -1  0 11 -1 -1  0 -1  0 -1  0 -1  0 -1]
 [ 0 -1 -1 -1 -1  0  0  0 -1 -1 11 -1  0  0 -1 -1 -1 -1  0  0]
 [ 0 -1  0  0 -1 -1 -1 -1 -1 -1 -1 15 -1  0 -1 -1 -1 -1 -1 -1]
 [-1 -1  0 -1  0 -1 -1 -1 -1  0  0 -1 13 -1  0 -1 -1 -1  0 -1]
 [-1 -1 -1  0 -1 -1  0  0  0 -1  0  0 -1 11  0  0 -1 -1 -1 -1]
 [ 0 -1  0 -1  0  0 -1  0 -1  0 -1 -1  0  0  9  0 -1 -1 -1  0]
 [ 0 -1 -1  0 -1  0 -1 -1 -1 -1 -1 -1 -1  0  0 11  0  0 -1  0]
 [ 0 -1 -1 -1  0 -1 -1 -1  0  0 -1 -1 -1 -1 -1  0 13  0 -1 -1]
 [ 0 -1  0 -1  0  0 -1 -1 -1 -1 -1 -1 -1 -1 -1  0  0 12 -1  0]
 [ 0  0 -1  0 -1 -1 -1  0  0  0  0 -1  0 -1 -1 -1 -1 -1 11 -1]
 [-1 -1 -1 -1 -1  0 -1  0 -1 -1  0 -1 -1 -1  0  0 -1  0 -1 13]]

Autovalores: 
[  0.           6.35170448  18.26495167   8.20692242  16.83572463
  16.47487783   9.36168814   9.67014133  10.44115303  10.74727065
  11.22391784  12.02345661  12.11835191  12.50978177  12.79680709
  13.93653904  13.97040793  15.12195024  15.20031922  14.74403418]


Matriz Laplaciana do grafo: 26
[[11  0  0 -1  0  0 -1 -1 -1 -1 -1  0 -1  0 -1 -1 -1 -1  0  0]
 [ 0 10  0  0 -1 -1 -1 -1  0  0  0 -1 -1  0  0 -1  0 -1 -1 -1]
 [ 0  0  9 -1  0  0  0  0  0  0 -1 -1  0 -1 -1 -1 -1  0 -1 -1]
 [-1  0 -1 15 -1  0 -1 -1 -1 -1 -1 -1 -1 -1 -1  0 -1 -1  0 -1]
 [ 0 -1  0 -1 11  0  0 -1 -1 -1 -1 -1 -1  0  0  0 -1 -1 -1  0]
 [ 0 -1  0  0  0  9  0 -1 -1 -1 -1  0 -1 -1  0  0  0 -1 -1  0]
 [-1 -1  0 -1  0  0 11  0  0 -1  0 -1  0 -1 -1 -1 -1 -1  0 -1]
 [-1 -1  0 -1 -1 -1  0 12  0 -1 -1  0 -1  0 -1  0 -1 -1  0 -1]
 [-1  0  0 -1 -1 -1  0  0 12 -1 -1 -1 -1 -1  0 -1  0 -1 -1  0]
 [-1  0  0 -1 -1 -1 -1 -1 -1 14  0 -1  0 -1  0 -1 -1 -1 -1 -1]
 [-1  0 -1 -1 -1 -1  0 -1 -1  0 14 -1  0 -1 -1 -1 -1 -1 -1  0]
 [ 0 -1 -1 -1 -1  0 -1  0 -1 -1 -1 15 -1 -1 -1 -1  0 -1 -1 -1]
 [-1 -1  0 -1 -1 -1  0 -1 -1  0  0 -1 12 -1 -1 -1 -1  0  0  0]
 [ 0  0 -1 -1  0 -1 -1  0 -1 -1 -1 -1 -1 12 -1  0 -1 -1  0  0]
 [-1  0 -1 -1  0  0 -1 -1  0  0 -1 -1 -1 -1 11 -1  0  0  0 -1]
 [-1 -1 -1  0  0  0 -1  0 -1 -1 -1 -1 -1  0 -1 13 -1 -1  0 -1]
 [-1  0 -1 -1 -1  0 -1 -1  0 -1 -1  0 -1 -1  0 -1 14 -1 -1 -1]
 [-1 -1  0 -1 -1 -1 -1 -1 -1 -1 -1 -1  0 -1  0 -1 -1 14  0  0]
 [ 0 -1 -1  0 -1 -1  0  0 -1 -1 -1 -1  0  0  0  0 -1  0 10 -1]
 [ 0 -1 -1 -1  0  0 -1 -1  0 -1  0 -1  0  0 -1 -1 -1  0 -1 11]]

Autovalores: 
[ -1.77635684e-15   7.42542740e+00   8.27416014e+00   8.91833602e+00
   1.72725008e+01   9.62676567e+00   1.68437816e+01   1.04275224e+01
   1.08321235e+01   1.13457546e+01   1.15302650e+01   1.22016985e+01
   1.26805212e+01   1.60214587e+01   1.32204534e+01   1.36765597e+01
   1.55849062e+01   1.42739795e+01   1.45740543e+01   1.52697312e+01]


Matriz Laplaciana do grafo: 27
[[13  0 -1  0 -1  0  0 -1 -1 -1 -1 -1  0 -1 -1 -1 -1 -1 -1  0]
 [ 0 12  0  0 -1 -1  0 -1  0 -1 -1 -1 -1 -1 -1  0 -1 -1  0 -1]
 [-1  0 13  0 -1 -1 -1  0 -1 -1 -1 -1  0  0  0 -1 -1 -1 -1 -1]
 [ 0  0  0  7 -1 -1  0 -1  0  0  0 -1  0 -1 -1  0  0 -1  0  0]
 [-1 -1 -1 -1 12  0 -1  0 -1 -1 -1  0 -1  0  0  0 -1  0 -1 -1]
 [ 0 -1 -1 -1  0 13 -1  0 -1  0 -1 -1 -1 -1  0 -1 -1 -1 -1  0]
 [ 0  0 -1  0 -1 -1 12  0 -1 -1 -1 -1  0  0 -1 -1 -1  0 -1 -1]
 [-1 -1  0 -1  0  0  0 13 -1 -1  0 -1  0 -1 -1 -1 -1 -1 -1 -1]
 [-1  0 -1  0 -1 -1 -1 -1 11  0  0 -1  0 -1  0  0 -1 -1 -1  0]
 [-1 -1 -1  0 -1  0 -1 -1  0 13 -1 -1 -1  0 -1  0 -1  0 -1 -1]
 [-1 -1 -1  0 -1 -1 -1  0  0 -1 11 -1  0  0 -1 -1  0  0 -1  0]
 [-1 -1 -1 -1  0 -1 -1 -1 -1 -1 -1 16 -1 -1 -1 -1 -1 -1  0  0]
 [ 0 -1  0  0 -1 -1  0  0  0 -1  0 -1  9  0 -1 -1 -1  0  0 -1]
 [-1 -1  0 -1  0 -1  0 -1 -1  0  0 -1  0 11 -1  0 -1 -1 -1  0]
 [-1 -1  0 -1  0  0 -1 -1  0 -1 -1 -1 -1 -1 13 -1  0 -1 -1  0]
 [-1  0 -1  0  0 -1 -1 -1  0  0 -1 -1 -1  0 -1 12 -1 -1  0 -1]
 [-1 -1 -1  0 -1 -1 -1 -1 -1 -1  0 -1 -1 -1  0 -1 14  0 -1  0]
 [-1 -1 -1 -1  0 -1  0 -1 -1  0  0 -1  0 -1 -1 -1  0 13 -1 -1]
 [-1  0 -1  0 -1 -1 -1 -1 -1 -1 -1  0  0 -1 -1  0 -1 -1 13  0]
 [ 0 -1 -1  0 -1  0 -1 -1  0 -1  0  0 -1  0  0 -1  0 -1  0  9]]

Autovalores: 
[  7.00943999e-16   6.42771355e+00   1.74547566e+01   7.90450651e+00
   1.62670125e+01   1.58231827e+01   1.54552569e+01   1.53664193e+01
   1.50094524e+01   9.18947028e+00   9.58244247e+00   1.03169706e+01
   1.08242523e+01   1.16484114e+01   1.23044618e+01   1.38720533e+01
   1.36338473e+01   1.27751144e+01   1.31725352e+01   1.29721405e+01]


Matriz Laplaciana do grafo: 28
[[ 9  0  0 -1  0 -1 -1  0 -1  0 -1  0 -1 -1 -1  0  0 -1  0  0]
 [ 0  9 -1 -1  0 -1  0  0 -1 -1  0  0 -1  0 -1  0  0 -1 -1  0]
 [ 0 -1 11  0 -1 -1  0 -1  0  0 -1 -1 -1 -1  0 -1  0 -1  0 -1]
 [-1 -1  0 14 -1  0 -1 -1  0 -1 -1 -1 -1 -1 -1 -1  0 -1 -1  0]
 [ 0  0 -1 -1 13 -1 -1  0 -1 -1 -1  0 -1 -1 -1  0 -1  0 -1 -1]
 [-1 -1 -1  0 -1 15 -1 -1 -1  0 -1 -1  0 -1 -1 -1 -1 -1  0 -1]
 [-1  0  0 -1 -1 -1 12  0  0  0  0 -1 -1 -1 -1 -1 -1  0 -1 -1]
 [ 0  0 -1 -1  0 -1  0 10  0 -1 -1 -1 -1 -1  0  0  0 -1  0 -1]
 [-1 -1  0  0 -1 -1  0  0 12 -1 -1  0 -1 -1 -1  0 -1 -1  0 -1]
 [ 0 -1  0 -1 -1  0  0 -1 -1 13 -1 -1  0 -1 -1 -1 -1 -1  0 -1]
 [-1  0 -1 -1 -1 -1  0 -1 -1 -1 14 -1 -1 -1  0  0 -1 -1  0 -1]
 [ 0  0 -1 -1  0 -1 -1 -1  0 -1 -1 12  0  0 -1 -1 -1 -1  0 -1]
 [-1 -1 -1 -1 -1  0 -1 -1 -1  0 -1  0 13 -1 -1 -1  0  0 -1  0]
 [-1  0 -1 -1 -1 -1 -1 -1 -1 -1 -1  0 -1 13  0  0 -1  0 -1  0]
 [-1 -1  0 -1 -1 -1 -1  0 -1 -1  0 -1 -1  0 13 -1  0 -1 -1  0]
 [ 0  0 -1 -1  0 -1 -1  0  0 -1  0 -1 -1  0 -1 12 -1 -1 -1 -1]
 [ 0  0  0  0 -1 -1 -1  0 -1 -1 -1 -1  0 -1  0 -1 11  0 -1 -1]
 [-1 -1 -1 -1  0 -1  0 -1 -1 -1 -1 -1  0  0 -1 -1  0 13 -1  0]
 [ 0 -1  0 -1 -1  0 -1  0  0  0  0  0 -1 -1 -1 -1 -1 -1 10  0]
 [ 0  0 -1  0 -1 -1 -1 -1 -1 -1 -1 -1  0  0  0 -1 -1  0  0 11]]

Autovalores: 
[ -1.49119043e-15   7.75592608e+00   8.29906285e+00   8.59688314e+00
   1.73532147e+01   9.81150582e+00   1.04223055e+01   1.09020478e+01
   1.60998471e+01   1.56915743e+01   1.54732213e+01   1.50470957e+01
   1.18386598e+01   1.20675403e+01   1.22220523e+01   1.44225233e+01
   1.40492947e+01   1.38221200e+01   1.32325776e+01   1.28925478e+01]


Matriz Laplaciana do grafo: 29
[[12  0 -1  0 -1 -1 -1 -1  0 -1 -1 -1 -1 -1 -1  0  0  0  0 -1]
 [ 0 11  0 -1 -1 -1 -1  0 -1 -1  0  0 -1 -1 -1  0  0 -1 -1  0]
 [-1  0 12 -1  0 -1  0 -1 -1 -1 -1 -1  0 -1  0  0  0 -1 -1 -1]
 [ 0 -1 -1 14 -1 -1 -1  0 -1  0 -1 -1  0 -1 -1 -1 -1  0 -1 -1]
 [-1 -1  0 -1 14 -1 -1 -1  0 -1 -1  0 -1  0 -1 -1 -1 -1 -1  0]
 [-1 -1 -1 -1 -1 12 -1 -1  0 -1  0 -1  0 -1  0 -1 -1  0  0  0]
 [-1 -1  0 -1 -1 -1 13  0  0 -1  0 -1 -1 -1 -1 -1  0  0 -1 -1]
 [-1  0 -1  0 -1 -1  0 12 -1  0 -1 -1  0 -1  0 -1 -1 -1 -1  0]
 [ 0 -1 -1 -1  0  0  0 -1 11 -1 -1 -1  0 -1 -1  0 -1 -1  0  0]
 [-1 -1 -1  0 -1 -1 -1  0 -1 14 -1 -1 -1 -1 -1  0  0 -1  0 -1]
 [-1  0 -1 -1 -1  0  0 -1 -1 -1 11 -1  0  0 -1 -1  0  0  0 -1]
 [-1  0 -1 -1  0 -1 -1 -1 -1 -1 -1 14  0  0 -1 -1 -1 -1 -1  0]
 [-1 -1  0  0 -1  0 -1  0  0 -1  0  0 10 -1  0  0 -1 -1 -1 -1]
 [-1 -1 -1 -1  0 -1 -1 -1 -1 -1  0  0 -1 14  0  0 -1 -1 -1 -1]
 [-1 -1  0 -1 -1  0 -1  0 -1 -1 -1 -1  0  0 11  0 -1  0 -1  0]
 [ 0  0  0 -1 -1 -1 -1 -1  0  0 -1 -1  0  0  0 10  0 -1 -1 -1]
 [ 0  0  0 -1 -1 -1  0 -1 -1  0  0 -1 -1 -1 -1  0 11 -1  0 -1]
 [ 0 -1 -1  0 -1  0  0 -1 -1 -1  0 -1 -1 -1  0 -1 -1 12  0 -1]
 [ 0 -1 -1 -1 -1  0 -1 -1  0  0  0 -1 -1 -1 -1 -1  0  0 11  0]
 [-1  0 -1 -1  0  0 -1  0  0 -1 -1  0 -1 -1  0 -1 -1 -1  0 11]]

Autovalores: 
[  2.56188392e-16   1.73131022e+01   8.36542177e+00   8.99406940e+00
   9.18561623e+00   9.80721227e+00   1.05032509e+01   1.06991313e+01
   1.09647011e+01   1.14019758e+01   1.24784125e+01   1.27767697e+01
   1.31538454e+01   1.59224729e+01   1.41252609e+01   1.53308272e+01
   1.50091234e+01   1.45228855e+01   1.48341987e+01   1.46117228e+01]


Matriz Laplaciana do grafo: 30
[[12 -1 -1  0 -1 -1  0  0 -1  0 -1  0 -1 -1 -1 -1  0 -1 -1  0]
 [-1 11  0 -1  0 -1 -1  0 -1  0 -1 -1  0  0 -1  0 -1 -1  0 -1]
 [-1  0 13 -1 -1  0 -1 -1 -1  0 -1  0  0 -1 -1  0 -1 -1 -1 -1]
 [ 0 -1 -1 10  0  0  0 -1  0 -1 -1  0 -1  0 -1  0 -1 -1  0 -1]
 [-1  0 -1  0 12 -1 -1 -1  0  0  0 -1 -1  0 -1 -1 -1 -1  0 -1]
 [-1 -1  0  0 -1 11  0 -1 -1  0 -1 -1  0 -1 -1  0 -1  0  0 -1]
 [ 0 -1 -1  0 -1  0  7 -1  0  0  0  0 -1 -1  0  0  0  0  0 -1]
 [ 0  0 -1 -1 -1 -1 -1 14 -1 -1 -1 -1  0 -1 -1  0 -1 -1  0 -1]
 [-1 -1 -1  0  0 -1  0 -1 13  0 -1 -1 -1 -1  0 -1 -1  0 -1 -1]
 [ 0  0  0 -1  0  0  0 -1  0 11 -1 -1 -1 -1 -1 -1 -1 -1 -1  0]
 [-1 -1 -1 -1  0 -1  0 -1 -1 -1 15 -1 -1 -1 -1  0 -1 -1 -1  0]
 [ 0 -1  0  0 -1 -1  0 -1 -1 -1 -1 11  0  0 -1 -1  0  0 -1 -1]
 [-1  0  0 -1 -1  0 -1  0 -1 -1 -1  0 13 -1 -1  0 -1 -1 -1 -1]
 [-1  0 -1  0  0 -1 -1 -1 -1 -1 -1  0 -1 15 -1 -1 -1 -1 -1 -1]
 [-1 -1 -1 -1 -1 -1  0 -1  0 -1 -1 -1 -1 -1 14 -1  0 -1  0  0]
 [-1  0  0  0 -1  0  0  0 -1 -1  0 -1  0 -1 -1  8  0  0  0 -1]
 [ 0 -1 -1 -1 -1 -1  0 -1 -1 -1 -1  0 -1 -1  0  0 13 -1 -1  0]
 [-1 -1 -1 -1 -1  0  0 -1  0 -1 -1  0 -1 -1 -1  0 -1 14 -1 -1]
 [-1  0 -1  0  0  0  0  0 -1 -1 -1 -1 -1 -1  0  0 -1 -1 10  0]
 [ 0 -1 -1 -1 -1 -1 -1 -1 -1  0  0 -1 -1 -1  0 -1  0 -1  0 13]]

Autovalores: 
[  0.           6.55208607   7.4956611    9.17334212   9.0236036
  17.14300786  16.64113738  16.03756464  16.33148445  10.37782205
  15.21254718  14.98879293  14.46637732  10.86536518  11.62116973
  11.91747739  13.56808927  12.72946448  13.00090312  12.85410412]


