Matriz Laplaciana do grafo: 1
[[ 6 -1  0 ...,  0  0  0]
 [-1  7  0 ...,  0  0  0]
 [ 0  0  7 ...,  0  0 -1]
 ..., 
 [ 0  0  0 ..., 17 -1 -1]
 [ 0  0  0 ..., -1 18  0]
 [ 0  0 -1 ..., -1  0 18]]

Autovalores: 
[  1.06581410e-14   2.15296467e+01   2.06629162e+01   1.95753044e+01
   4.58154967e+00   1.91759538e+01   1.89553734e+01   1.86029797e+01
   5.23701174e+00   1.79264725e+01   1.77456861e+01   1.72470086e+01
   5.88173322e+00   1.70257173e+01   6.09033132e+00   6.31053945e+00
   1.66135371e+01   1.60136948e+01   1.59620756e+01   1.58541756e+01
   1.56101727e+01   1.53423253e+01   1.52432538e+01   6.75606705e+00
   1.48113260e+01   6.92522955e+00   1.45298885e+01   7.17785108e+00
   1.42907987e+01   7.48652162e+00   1.37013773e+01   1.36385062e+01
   1.35072234e+01   1.33678287e+01   7.96345813e+00   8.00688415e+00
   8.07960200e+00   8.28450109e+00   8.54915171e+00   8.63296372e+00
   8.76040932e+00   8.86737251e+00   1.29946329e+01   9.23296779e+00
   1.27559859e+01   1.25176420e+01   1.22177112e+01   1.20877441e+01
   9.47005994e+00   9.63560015e+00   9.96624923e+00   1.02204960e+01
   1.05407858e+01   1.06414423e+01   1.08174564e+01   1.09104798e+01
   1.15711366e+01   1.11917858e+01   1.13614093e+01   1.13419948e+01]


Matriz Laplaciana do grafo: 2
[[ 7 -1  0 ...,  0 -1  0]
 [-1  7  0 ...,  0  0  0]
 [ 0  0  8 ..., -1  0 -1]
 ..., 
 [ 0  0 -1 ..., 17  0  0]
 [-1  0  0 ...,  0 17  0]
 [ 0  0 -1 ...,  0  0 18]]

Autovalores: 
[  3.55271368e-15   2.09650164e+01   2.00796948e+01   1.93266310e+01
   1.92100815e+01   5.12658880e+00   1.85123724e+01   1.83007197e+01
   5.49754528e+00   1.78287497e+01   1.75342877e+01   5.93758331e+00
   6.16294822e+00   1.70822452e+01   1.68016150e+01   6.42992800e+00
   6.63649067e+00   6.74875792e+00   6.96877042e+00   1.63290843e+01
   1.61461031e+01   1.59586175e+01   1.58151820e+01   1.54871694e+01
   1.51827832e+01   1.50957560e+01   7.47101969e+00   7.66099424e+00
   7.65624342e+00   8.02643606e+00   8.26391799e+00   8.52159267e+00
   8.60029480e+00   8.80112449e+00   8.85905380e+00   8.98877530e+00
   9.28254850e+00   9.59112952e+00   1.47978377e+01   1.00476762e+01
   1.02240287e+01   1.04548768e+01   1.44022334e+01   1.42909729e+01
   1.40067868e+01   1.38274452e+01   1.36320430e+01   1.35309948e+01
   1.07557737e+01   1.08602638e+01   1.31239464e+01   1.29826096e+01
   1.28755064e+01   1.25461932e+01   1.24064827e+01   1.12403611e+01
   1.14926350e+01   1.14307558e+01   1.20654906e+01   1.21172341e+01]


Matriz Laplaciana do grafo: 3
[[ 6  0 -1 ...,  0  0 -1]
 [ 0  6  0 ...,  0  0 -1]
 [-1  0  6 ...,  0  0 -1]
 ..., 
 [ 0  0  0 ..., 18  0  0]
 [ 0  0  0 ...,  0 19 -1]
 [-1 -1 -1 ...,  0 -1 22]]

Autovalores: 
[  2.40089989e+01   2.76377176e-15   2.09671273e+01   2.06037264e+01
   2.00030109e+01   1.95227679e+01   1.91043175e+01   4.37415601e+00
   1.86151978e+01   1.84708087e+01   4.73406112e+00   1.78808512e+01
   5.22821184e+00   5.49547858e+00   1.72761137e+01   1.68719135e+01
   1.67038936e+01   5.74668447e+00   1.63519430e+01   1.61217619e+01
   1.60156258e+01   1.54194648e+01   1.53092201e+01   1.51327469e+01
   6.31824099e+00   6.51275269e+00   6.64735885e+00   1.45380602e+01
   1.44018441e+01   7.19610493e+00   7.28935968e+00   7.57702408e+00
   7.82941114e+00   7.92827489e+00   8.13418251e+00   8.27392603e+00
   8.38049366e+00   1.38978628e+01   1.37434284e+01   1.34424101e+01
   1.29851233e+01   1.30396269e+01   1.26688994e+01   1.25793506e+01
   1.22624278e+01   1.17800965e+01   8.89517189e+00   9.01210196e+00
   9.21329201e+00   9.47028099e+00   1.15664566e+01   1.14030714e+01
   9.70982031e+00   9.83851353e+00   1.00795334e+01   1.01968891e+01
   1.10607452e+01   1.08527237e+01   1.07037219e+01   1.06133364e+01]


Matriz Laplaciana do grafo: 4
[[ 5  0  0 ...,  0  0 -1]
 [ 0  6  0 ...,  0 -1  0]
 [ 0  0  7 ..., -1  0  0]
 ..., 
 [ 0  0 -1 ..., 17  0  0]
 [ 0 -1  0 ...,  0 18 -1]
 [-1  0  0 ...,  0 -1 19]]

Autovalores: 
[  1.06581410e-14   2.16476333e+01   2.08776759e+01   2.01035404e+01
   4.44444445e+00   1.90224877e+01   1.89825894e+01   1.88646503e+01
   1.83723943e+01   4.95274831e+00   5.21535579e+00   1.76709751e+01
   1.74405908e+01   1.69514352e+01   1.68571553e+01   5.76377974e+00
   1.65297557e+01   1.62308592e+01   1.60513733e+01   1.57599291e+01
   6.21860974e+00   6.39533522e+00   6.79730004e+00   6.85366087e+00
   7.16519377e+00   7.34692741e+00   1.51979932e+01   7.72087449e+00
   1.49314971e+01   1.47405142e+01   7.93582410e+00   1.42313493e+01
   1.41155667e+01   1.39242175e+01   1.37867707e+01   1.36583144e+01
   8.34521666e+00   8.47132431e+00   8.57212788e+00   8.77386072e+00
   1.33665781e+01   1.32353459e+01   1.28436830e+01   9.14204616e+00
   9.47895880e+00   9.51765251e+00   9.69066137e+00   9.83522782e+00
   1.25938160e+01   1.23581753e+01   1.21624020e+01   1.19070990e+01
   1.03662867e+01   1.05043087e+01   1.05602817e+01   1.09099858e+01
   1.08865421e+01   1.13361326e+01   1.12454837e+01   1.11374811e+01]


Matriz Laplaciana do grafo: 5
[[ 5  0  0 ..., -1  0  0]
 [ 0  6  0 ...,  0  0  0]
 [ 0  0  7 ...,  0  0  0]
 ..., 
 [-1  0  0 ..., 18 -1  0]
 [ 0  0  0 ..., -1 19  0]
 [ 0  0  0 ...,  0  0 21]]

Autovalores: 
[  7.10542736e-15   2.30380219e+01   2.13912727e+01   2.03850724e+01
   1.96555281e+01   1.90005389e+01   1.89032302e+01   1.86342812e+01
   4.26686640e+00   4.48964064e+00   5.03015119e+00   1.78149837e+01
   1.73789750e+01   1.69876051e+01   1.69046012e+01   1.63085193e+01
   1.60627679e+01   6.04887530e+00   1.55799950e+01   6.29070284e+00
   1.53838504e+01   6.60892694e+00   6.74805020e+00   1.51509785e+01
   7.03550594e+00   1.49751860e+01   7.33402551e+00   7.68071058e+00
   7.64485658e+00   7.78385846e+00   7.93948086e+00   1.47551870e+01
   1.43589922e+01   1.42646827e+01   1.40570703e+01   1.37356184e+01
   1.36323256e+01   1.33984286e+01   1.31612616e+01   1.29340848e+01
   8.40091881e+00   8.52652938e+00   8.65752762e+00   8.83461062e+00
   8.92405905e+00   9.20445625e+00   9.45062336e+00   9.70379434e+00
   1.00103638e+01   1.02254548e+01   1.04254504e+01   1.06322090e+01
   1.24624522e+01   1.22463375e+01   1.19973177e+01   1.19292535e+01
   1.12572676e+01   1.15232050e+01   1.13697134e+01   1.14637454e+01]


Matriz Laplaciana do grafo: 6
[[ 5  0  0 ...,  0 -1 -1]
 [ 0  5  0 ...,  0  0  0]
 [ 0  0  7 ...,  0  0  0]
 ..., 
 [ 0  0  0 ..., 17  0  0]
 [-1  0  0 ...,  0 17  0]
 [-1  0  0 ...,  0  0 19]]

Autovalores: 
[  3.55271368e-15   2.13543666e+01   2.04010782e+01   2.02231769e+01
   4.21633822e+00   4.30712102e+00   1.93352292e+01   1.90836165e+01
   1.87878443e+01   1.84904306e+01   5.50490330e+00   1.79198227e+01
   1.75978766e+01   1.73320856e+01   1.72080754e+01   1.69317493e+01
   6.00650290e+00   6.18864141e+00   1.62697737e+01   1.60549377e+01
   6.58374752e+00   6.65124243e+00   1.56485504e+01   1.54234393e+01
   1.52634612e+01   6.96180263e+00   7.23058257e+00   7.31879638e+00
   7.58153582e+00   7.91405669e+00   7.97577633e+00   8.18268301e+00
   1.47789587e+01   1.44867966e+01   1.43876520e+01   8.60474566e+00
   1.40275098e+01   1.38367625e+01   1.34641115e+01   1.33691137e+01
   8.82246653e+00   8.98849697e+00   9.11820528e+00   9.49089468e+00
   1.29612721e+01   9.69962658e+00   9.85417146e+00   1.28365402e+01
   1.25320871e+01   1.00891584e+01   1.02977095e+01   1.22604426e+01
   1.19622256e+01   1.18669196e+01   1.05649575e+01   1.06967871e+01
   1.10427417e+01   1.11745137e+01   1.13736909e+01   1.14621977e+01]


Matriz Laplaciana do grafo: 7
[[ 4  0  0 ...,  0  0  0]
 [ 0  5  0 ...,  0  0  0]
 [ 0  0  7 ...,  0  0  0]
 ..., 
 [ 0  0  0 ..., 18  0  0]
 [ 0  0  0 ...,  0 18  0]
 [ 0  0  0 ...,  0  0 19]]

Autovalores: 
[  7.10542736e-15   2.17585003e+01   2.05765228e+01   3.62558552e+00
   2.02537789e+01   1.96299777e+01   4.34325559e+00   5.20685144e+00
   1.85985062e+01   1.84975643e+01   1.81570593e+01   5.82214394e+00
   1.78772763e+01   6.12158840e+00   1.73566986e+01   1.72378298e+01
   1.71489515e+01   1.68038468e+01   1.65895624e+01   1.64803618e+01
   1.58982510e+01   1.57309249e+01   1.56698667e+01   6.42239172e+00
   6.61229334e+00   1.50310542e+01   6.87016438e+00   7.01070107e+00
   7.21849133e+00   7.41054945e+00   1.46397807e+01   1.43889813e+01
   1.42958071e+01   7.85940059e+00   8.02989735e+00   8.07696444e+00
   1.37734034e+01   8.59841174e+00   8.67092869e+00   9.05297153e+00
   9.13998128e+00   1.34389728e+01   1.33571782e+01   1.29675346e+01
   1.28274593e+01   1.27285650e+01   9.54971148e+00   9.72854538e+00
   9.81552525e+00   1.01315308e+01   1.22100589e+01   1.20518703e+01
   1.18702584e+01   1.16391929e+01   1.16154510e+01   1.04469646e+01
   1.05646226e+01   1.08003848e+01   1.09137168e+01   1.08553792e+01]


Matriz Laplaciana do grafo: 8
[[ 6  0  0 ...,  0  0  0]
 [ 0  7  0 ...,  0  0  0]
 [ 0  0  7 ...,  0 -1  0]
 ..., 
 [ 0  0  0 ..., 18  0  0]
 [ 0  0 -1 ...,  0 18  0]
 [ 0  0  0 ...,  0  0 18]]

Autovalores: 
[  7.83512197e-16   2.10307662e+01   2.06018350e+01   2.01939162e+01
   4.55833336e+00   1.93899820e+01   1.89703019e+01   1.88637000e+01
   1.84736155e+01   5.40641155e+00   1.77694408e+01   1.74527180e+01
   1.71375993e+01   1.70018795e+01   5.74883017e+00   5.96332422e+00
   6.18185694e+00   6.39567119e+00   6.50817852e+00   1.63698465e+01
   1.59865245e+01   1.58892387e+01   6.89265542e+00   1.54362047e+01
   7.02337023e+00   1.52441348e+01   7.43569413e+00   7.67786689e+00
   7.92756274e+00   8.14572929e+00   8.23083508e+00   8.42867378e+00
   1.48209661e+01   1.45868761e+01   1.45019635e+01   8.87984781e+00
   1.40774243e+01   1.38768778e+01   1.37621029e+01   1.35815623e+01
   1.34924185e+01   1.31675880e+01   1.29355088e+01   9.23207025e+00
   9.38675273e+00   9.58562712e+00   1.24495376e+01   9.79631903e+00
   9.95848435e+00   1.00321795e+01   1.22397781e+01   1.20972675e+01
   1.19923681e+01   1.15906515e+01   1.14324699e+01   1.13056763e+01
   1.09649935e+01   1.05407444e+01   1.06425862e+01   1.07326605e+01]


Matriz Laplaciana do grafo: 9
[[ 6  0  0 ...,  0  0  0]
 [ 0  6  0 ..., -1  0  0]
 [ 0  0  7 ...,  0  0  0]
 ..., 
 [ 0 -1  0 ..., 18  0 -1]
 [ 0  0  0 ...,  0 19 -1]
 [ 0  0  0 ..., -1 -1 23]]

Autovalores: 
[  2.47989374e+01   6.25070043e-15   2.13358913e+01   2.03461403e+01
   1.92232189e+01   1.88576453e+01   1.86597710e+01   1.81672468e+01
   4.96284039e+00   5.21978997e+00   5.38314582e+00   5.61857866e+00
   1.75341524e+01   1.71721729e+01   1.70051450e+01   1.67849661e+01
   1.64747435e+01   1.62212428e+01   1.60605934e+01   6.46321864e+00
   6.48909519e+00   6.61030266e+00   1.57696053e+01   6.97542265e+00
   1.53002722e+01   7.23914828e+00   1.50045392e+01   1.47475242e+01
   7.39335790e+00   1.43683650e+01   1.42331016e+01   7.69050821e+00
   1.39218922e+01   1.36767936e+01   1.34868814e+01   1.32613820e+01
   1.31022542e+01   7.94153188e+00   8.13871531e+00   8.31299002e+00
   8.47860066e+00   8.65229011e+00   8.91499769e+00   9.08379178e+00
   9.15422468e+00   1.26500317e+01   9.49393065e+00   9.90618974e+00
   1.00113378e+01   9.94578454e+00   1.02815823e+01   1.05478121e+01
   1.06962989e+01   1.09518578e+01   1.23780917e+01   1.14002474e+01
   1.15631123e+01   1.18385388e+01   1.20834847e+01   1.20146706e+01]


Matriz Laplaciana do grafo: 10
[[ 4  0  0 ..., -1  0  0]
 [ 0  6  0 ...,  0  0 -1]
 [ 0  0  7 ...,  0  0 -1]
 ..., 
 [-1  0  0 ..., 18  0 -1]
 [ 0  0  0 ...,  0 18 -1]
 [ 0 -1 -1 ..., -1 -1 19]]

Autovalores: 
[  0.          21.90436031  20.59246219   3.41612086  19.98330273
  19.57878275  18.83186118  18.36468282  18.27869646  17.99693088
   5.28423415   5.39928994   5.62179826   5.94009694   6.1319059
   6.43397488  17.28164962  17.12064117  16.9197019   16.74583322
  16.50426843  16.17337434   6.75178904   7.14688362   7.28150645
   7.39229567   7.56336632   7.81529798  15.63337171   8.29764036
  15.46753636  15.23663175  14.90621614   8.50775122   8.85346425
  14.53031942  14.3528931   14.18826549  14.01144091   9.2088415
   9.37110728   9.55190771   9.66118852   9.96368938  10.18949484
  10.15845289  10.68346517  10.72456022  10.98373797  11.31615429
  11.39444963  13.64757446  13.48557684  13.25776965  12.86893719
  11.86586954  11.93640544  12.62396089  12.35817573  12.30804211]


