Matriz Laplaciana do grafo: 1
[[14 -1  0 ..., -1  0 -1]
 [-1 15  0 ...,  0 -1 -1]
 [ 0  0 15 ..., -1  0  0]
 ..., 
 [-1  0 -1 ..., 24 -1  0]
 [ 0 -1  0 ..., -1 25 -1]
 [-1 -1  0 ...,  0 -1 28]]

Autovalores: 
[ -1.12617283e-15   2.97817367e+01   1.18235322e+01   2.79746441e+01
   1.34302041e+01   1.38516057e+01   2.69984710e+01   1.44503832e+01
   1.48351381e+01   1.50920674e+01   2.65902754e+01   2.59641311e+01
   2.57614955e+01   2.52967307e+01   1.59068239e+01   1.63121959e+01
   1.66272157e+01   1.67204449e+01   2.48504870e+01   2.45600651e+01
   2.42338450e+01   1.72578393e+01   1.74713296e+01   1.80036940e+01
   1.83184259e+01   1.84456684e+01   2.33932824e+01   1.93665443e+01
   1.97459182e+01   1.98558870e+01   2.30086047e+01   2.03850214e+01
   2.07069496e+01   2.08566443e+01   2.13707570e+01   2.14200229e+01
   2.25906029e+01   2.20978547e+01   2.22432416e+01   2.24002190e+01]


Matriz Laplaciana do grafo: 2
[[13 -1  0 ...,  0 -1  0]
 [-1 15  0 ...,  0 -1 -1]
 [ 0  0 15 ...,  0 -1 -1]
 ..., 
 [ 0  0  0 ..., 25 -1 -1]
 [-1 -1 -1 ..., -1 25  0]
 [ 0 -1 -1 ..., -1  0 29]]

Autovalores: 
[  0.          30.72914149  11.8067586   28.52350826  27.56653702
  27.22438327  13.40188923  13.84448727  13.94963886  14.8294735
  14.95613878  26.31578785  25.94210986  25.65763435  15.66419728
  24.98736821  16.00625196  24.3856929   24.08666755  23.45590628
  23.32341172  23.10906622  16.41616774  16.92891876  17.09488176
  17.49899837  17.7751803   17.92324736  22.32247158  22.05862812
  21.57648809  21.3866363   18.81826301  20.93296585  20.65279159
  20.37733734  19.27130449  19.47753467  19.65552455  20.06660968]


Matriz Laplaciana do grafo: 3
[[16 -1  0 ..., -1 -1  0]
 [-1 17  0 ...,  0 -1 -1]
 [ 0  0 17 ...,  0  0 -1]
 ..., 
 [-1  0  0 ..., 25 -1 -1]
 [-1 -1  0 ..., -1 25 -1]
 [ 0 -1 -1 ..., -1 -1 26]]

Autovalores: 
[ -1.44959078e-15   2.83706924e+01   2.82711992e+01   2.70322427e+01
   2.65209253e+01   1.38728873e+01   1.41206365e+01   2.55782356e+01
   2.53923721e+01   1.45053771e+01   1.48318139e+01   1.52173536e+01
   1.53176518e+01   1.58434412e+01   1.60801458e+01   2.46692989e+01
   2.43909347e+01   2.40148844e+01   2.34716312e+01   2.33384745e+01
   1.69187784e+01   2.28758309e+01   2.26134265e+01   1.72792536e+01
   1.75876154e+01   2.23440744e+01   2.17280510e+01   2.15775514e+01
   2.13038660e+01   2.10248201e+01   2.07715354e+01   2.04288122e+01
   2.03375292e+01   1.81408451e+01   1.84665376e+01   1.86680092e+01
   1.88279992e+01   1.94444790e+01   1.96461709e+01   1.91746161e+01]


Matriz Laplaciana do grafo: 4
[[12 -1  0 ...,  0  0  0]
 [-1 14  0 ..., -1 -1 -1]
 [ 0  0 15 ..., -1  0  0]
 ..., 
 [ 0 -1 -1 ..., 26 -1 -1]
 [ 0 -1  0 ..., -1 27 -1]
 [ 0 -1  0 ..., -1 -1 27]]

Autovalores: 
[ -5.32907052e-15   1.13041645e+01   1.23143586e+01   2.89979275e+01
   2.88014567e+01   1.30407318e+01   2.79637129e+01   1.36217834e+01
   1.41703041e+01   1.43668786e+01   1.50279725e+01   1.54274565e+01
   2.68302691e+01   2.66777971e+01   1.62767158e+01   2.59856166e+01
   2.57464895e+01   1.67785119e+01   1.71584506e+01   2.51830244e+01
   1.76622175e+01   2.46372298e+01   1.84220867e+01   1.86261886e+01
   1.88478062e+01   1.91867036e+01   1.94928789e+01   2.42699033e+01
   2.39281181e+01   1.99811078e+01   2.02007243e+01   2.06678732e+01
   2.09507620e+01   2.13812457e+01   2.16125665e+01   2.33590080e+01
   2.32904694e+01   2.28695070e+01   2.23456369e+01   2.25943442e+01]


Matriz Laplaciana do grafo: 5
[[11 -1  0 ..., -1  0  0]
 [-1 14  0 ...,  0  0 -1]
 [ 0  0 14 ...,  0 -1 -1]
 ..., 
 [-1  0  0 ..., 24 -1 -1]
 [ 0  0 -1 ..., -1 26 -1]
 [ 0 -1 -1 ..., -1 -1 27]]

Autovalores: 
[  1.77635684e-15   1.02695807e+01   1.23642676e+01   2.91169562e+01
   1.31694714e+01   2.80011732e+01   1.38030396e+01   2.71327410e+01
   2.68352875e+01   1.51519228e+01   1.54092691e+01   1.56857545e+01
   1.62357219e+01   2.57061920e+01   2.54322668e+01   1.68008098e+01
   1.68675032e+01   1.72920638e+01   2.51804357e+01   2.47542687e+01
   1.80135482e+01   1.83207536e+01   1.88047627e+01   1.89442840e+01
   1.93222701e+01   2.42200543e+01   2.37917896e+01   2.36746038e+01
   2.35075110e+01   2.32914470e+01   2.27061942e+01   2.24373895e+01
   1.99481665e+01   2.01314458e+01   2.05363137e+01   2.10070252e+01
   2.11213964e+01   2.13524356e+01   2.18841067e+01   2.17757765e+01]


Matriz Laplaciana do grafo: 6
[[13 -1  0 ..., -1  0 -1]
 [-1 14  0 ...,  0  0 -1]
 [ 0  0 15 ..., -1 -1  0]
 ..., 
 [-1  0 -1 ..., 25 -1 -1]
 [ 0  0 -1 ..., -1 25 -1]
 [-1 -1  0 ..., -1 -1 26]]

Autovalores: 
[ -4.31025958e-15   1.17105818e+01   1.30003094e+01   1.34902763e+01
   1.39646202e+01   2.82653166e+01   1.47877499e+01   1.51458636e+01
   2.76279128e+01   1.58097514e+01   2.68990908e+01   2.67041906e+01
   2.63956789e+01   2.59784547e+01   2.56245932e+01   2.51059778e+01
   2.47862973e+01   2.45640133e+01   2.42729889e+01   1.65722068e+01
   2.32148094e+01   1.70738005e+01   1.73002120e+01   2.27855563e+01
   1.75947012e+01   1.79249244e+01   1.82247591e+01   1.83544740e+01
   1.86078149e+01   1.87138126e+01   2.23840229e+01   2.21950095e+01
   2.19123186e+01   2.16120248e+01   1.94833102e+01   1.98769077e+01
   2.00601035e+01   2.02937942e+01   2.09456437e+01   2.07361263e+01]


Matriz Laplaciana do grafo: 7
[[13 -1  0 ...,  0  0  0]
 [-1 14  0 ...,  0  0 -1]
 [ 0  0 14 ..., -1  0  0]
 ..., 
 [ 0  0 -1 ..., 25 -1 -1]
 [ 0  0  0 ..., -1 25 -1]
 [ 0 -1  0 ..., -1 -1 26]]

Autovalores: 
[  9.51633824e-16   1.18394922e+01   1.23118950e+01   1.27633663e+01
   2.84437003e+01   2.78381392e+01   1.39946200e+01   1.42147500e+01
   1.47421961e+01   1.51711423e+01   1.59087819e+01   2.71235465e+01
   2.67429645e+01   2.64563415e+01   1.67032562e+01   2.59007423e+01
   2.54121470e+01   2.50126348e+01   2.52793841e+01   2.45520372e+01
   2.42013245e+01   1.69918239e+01   1.74367518e+01   1.75254973e+01
   2.36955507e+01   2.30594324e+01   2.29531634e+01   2.27613604e+01
   2.24509194e+01   2.19136357e+01   2.16104043e+01   1.80681908e+01
   2.06722470e+01   1.85527654e+01   1.89983631e+01   1.91898540e+01
   2.01428511e+01   2.01911939e+01   1.95067903e+01   1.96667432e+01]


Matriz Laplaciana do grafo: 8
[[13 -1  0 ..., -1 -1 -1]
 [-1 13  0 ...,  0 -1  0]
 [ 0  0 14 ...,  0  0  0]
 ..., 
 [-1  0  0 ..., 25 -1 -1]
 [-1 -1  0 ..., -1 25 -1]
 [-1  0  0 ..., -1 -1 28]]

Autovalores: 
[ -3.55271368e-15   2.97480467e+01   1.14724712e+01   2.83228728e+01
   1.24051541e+01   2.77140456e+01   1.29566587e+01   2.70458805e+01
   2.64771295e+01   2.61206890e+01   1.41384752e+01   2.55282967e+01
   2.51890348e+01   2.47028194e+01   2.48141173e+01   1.48070162e+01
   2.40077551e+01   1.52843448e+01   1.56895963e+01   1.59125795e+01
   2.34384281e+01   2.28922011e+01   2.26398586e+01   2.22404023e+01
   2.20546126e+01   2.18365540e+01   2.11469718e+01   2.09491563e+01
   1.67353609e+01   2.01806082e+01   1.98775527e+01   1.71096712e+01
   1.73109987e+01   1.72988960e+01   1.92878736e+01   1.91029447e+01
   1.86865698e+01   1.80811407e+01   1.84453517e+01   1.83478635e+01]


Matriz Laplaciana do grafo: 9
[[13  0 -1 ..., -1 -1 -1]
 [ 0 13 -1 ...,  0 -1 -1]
 [-1 -1 15 ...,  0  0  0]
 ..., 
 [-1  0  0 ..., 24 -1 -1]
 [-1 -1  0 ..., -1 24  0]
 [-1 -1  0 ..., -1  0 26]]

Autovalores: 
[ -2.73980143e-15   1.16183069e+01   1.21344832e+01   2.87836191e+01
   1.35773059e+01   1.40044882e+01   2.71940367e+01   1.50532224e+01
   1.54958860e+01   1.56241004e+01   2.66562856e+01   2.64458331e+01
   1.61327994e+01   2.59824657e+01   2.55630235e+01   2.52710027e+01
   2.50237326e+01   2.46128263e+01   1.66191018e+01   1.69799320e+01
   1.71136400e+01   2.42660872e+01   2.39591193e+01   2.36447250e+01
   2.31687306e+01   2.29033725e+01   2.25848185e+01   2.23342207e+01
   2.19540414e+01   2.12557189e+01   2.10414751e+01   2.04121606e+01
   1.80643956e+01   1.82957234e+01   1.85540439e+01   1.88299707e+01
   1.92828790e+01   2.00111532e+01   1.98397813e+01   1.97114917e+01]


Matriz Laplaciana do grafo: 10
[[12  0 -1 ..., -1 -1 -1]
 [ 0 14 -1 ...,  0  0 -1]
 [-1 -1 14 ...,  0 -1  0]
 ..., 
 [-1  0  0 ..., 25 -1 -1]
 [-1  0 -1 ..., -1 26  0]
 [-1 -1  0 ..., -1  0 27]]

Autovalores: 
[ -5.32907052e-15   1.11741601e+01   1.18993405e+01   2.89658350e+01
   1.30292754e+01   2.82361407e+01   1.38889789e+01   2.76462792e+01
   1.44857407e+01   2.68335852e+01   2.66437622e+01   1.48785879e+01
   1.58066251e+01   1.59795484e+01   1.63476255e+01   2.56944378e+01
   2.52826760e+01   2.49116793e+01   1.71468226e+01   2.44827857e+01
   2.42573349e+01   1.75615168e+01   1.78604023e+01   1.81281034e+01
   1.82337916e+01   1.86561726e+01   2.36456850e+01   2.33309538e+01
   2.30125355e+01   2.26687095e+01   2.25877778e+01   1.93238818e+01
   1.96835464e+01   2.20719854e+01   2.18600318e+01   2.14825394e+01
   2.01221876e+01   2.10212590e+01   2.06572972e+01   2.05004019e+01]


Matriz Laplaciana do grafo: 11
[[13  0 -1 ...,  0 -1 -1]
 [ 0 13 -1 ..., -1 -1  0]
 [-1 -1 14 ..., -1  0  0]
 ..., 
 [ 0 -1 -1 ..., 24 -1 -1]
 [-1 -1  0 ..., -1 24 -1]
 [-1  0  0 ..., -1 -1 24]]

Autovalores: 
[ -1.50485452e-15   1.17043802e+01   1.19417069e+01   1.33511746e+01
   1.38410196e+01   2.82566655e+01   1.47759188e+01   2.73645740e+01
   1.51440118e+01   1.55852653e+01   2.66755451e+01   2.63313136e+01
   2.60651987e+01   1.62765577e+01   2.55459045e+01   1.71336071e+01
   1.73479071e+01   1.75730659e+01   2.51271864e+01   2.48448057e+01
   1.83627256e+01   1.83277862e+01   2.43690857e+01   1.88880135e+01
   1.92875502e+01   1.93593393e+01   2.37065458e+01   2.35497520e+01
   2.33590980e+01   1.99726748e+01   2.29299922e+01   2.26110734e+01
   2.24584460e+01   2.04174900e+01   2.05591647e+01   2.09557473e+01
   2.12028311e+01   2.13899091e+01   2.17596766e+01   2.16472902e+01]


Matriz Laplaciana do grafo: 12
[[14  0 -1 ...,  0 -1 -1]
 [ 0 14  0 ..., -1  0  0]
 [-1  0 15 ..., -1  0  0]
 ..., 
 [ 0 -1 -1 ..., 25 -1 -1]
 [-1  0  0 ..., -1 25  0]
 [-1  0  0 ..., -1  0 26]]

Autovalores: 
[  1.05495897e-15   2.87079253e+01   1.26577972e+01   1.28819554e+01
   2.78958900e+01   2.75193901e+01   1.36768787e+01   2.70903428e+01
   1.39389330e+01   2.62731171e+01   1.48941696e+01   2.56855595e+01
   2.53801301e+01   2.51781495e+01   1.53781165e+01   1.58933774e+01
   1.61511952e+01   1.70202850e+01   1.65955356e+01   1.67127266e+01
   2.44779502e+01   1.76211127e+01   2.37846182e+01   2.36641703e+01
   2.35405795e+01   1.80124613e+01   1.83329234e+01   2.29710506e+01
   1.88320457e+01   1.89805880e+01   2.24669848e+01   2.23208259e+01
   2.18869855e+01   2.16617357e+01   1.96351691e+01   1.99511776e+01
   2.01044295e+01   2.05825030e+01   2.04231195e+01   2.12180945e+01]


Matriz Laplaciana do grafo: 13
[[14  0 -1 ...,  0  0 -1]
 [ 0 14  0 ...,  0  0 -1]
 [-1  0 14 ..., -1 -1  0]
 ..., 
 [ 0  0 -1 ..., 24 -1 -1]
 [ 0  0 -1 ..., -1 25 -1]
 [-1 -1  0 ..., -1 -1 25]]

Autovalores: 
[ -3.95750811e-15   1.23292966e+01   1.28716629e+01   1.32034890e+01
   1.35155091e+01   2.83294603e+01   1.42268601e+01   2.75782358e+01
   2.71294485e+01   1.50035122e+01   2.67104859e+01   2.62462438e+01
   2.60212595e+01   2.56447850e+01   1.56810034e+01   1.60406378e+01
   2.51427963e+01   1.66126397e+01   2.46486012e+01   1.71030610e+01
   1.73492357e+01   1.77672759e+01   2.41212109e+01   2.39375897e+01
   2.33073806e+01   2.34807299e+01   1.85450897e+01   1.87256325e+01
   1.89036095e+01   1.90301078e+01   1.94925057e+01   1.99330342e+01
   2.03318174e+01   2.03862434e+01   2.08585613e+01   2.11405486e+01
   2.13122060e+01   2.26318335e+01   2.24799675e+01   2.22264321e+01]


Matriz Laplaciana do grafo: 14
[[13  0 -1 ...,  0  0 -1]
 [ 0 14  0 ...,  0 -1 -1]
 [-1  0 16 ..., -1  0  0]
 ..., 
 [ 0  0 -1 ..., 24 -1 -1]
 [ 0 -1  0 ..., -1 25  0]
 [-1 -1  0 ..., -1  0 25]]

Autovalores: 
[ -3.53495406e-15   1.15874021e+01   1.27717441e+01   2.84997459e+01
   2.79621493e+01   2.76439944e+01   1.41016085e+01   1.41608983e+01
   1.49465866e+01   1.51887189e+01   2.61848386e+01   2.61045169e+01
   2.57926970e+01   1.56013277e+01   1.60156870e+01   1.62891892e+01
   2.53051958e+01   1.68901445e+01   1.72339004e+01   2.48261439e+01
   2.45365171e+01   2.41186316e+01   2.39493576e+01   1.78936515e+01
   2.33405392e+01   2.29307940e+01   2.26894568e+01   2.25324339e+01
   2.19546793e+01   2.17187183e+01   2.14294269e+01   2.11615211e+01
   1.83981254e+01   1.85043908e+01   2.03463462e+01   2.00608019e+01
   1.98924439e+01   1.95460170e+01   1.89206607e+01   1.89689979e+01]


Matriz Laplaciana do grafo: 15
[[13  0 -1 ...,  0 -1 -1]
 [ 0 13  0 ...,  0 -1 -1]
 [-1  0 14 ...,  0 -1  0]
 ..., 
 [ 0  0  0 ..., 24 -1 -1]
 [-1 -1 -1 ..., -1 25  0]
 [-1 -1  0 ..., -1  0 31]]

Autovalores: 
[  0.          32.44686548  11.71872812  11.90052806  13.04112088
  27.61335435  13.80353586  27.01850958  26.6803048   25.99333282
  25.78573312  14.74286082  14.86117329  25.28715941  15.66427478
  15.85923578  24.84159729  24.54421531  24.23843103  16.41952556
  16.80190001  17.13823222  23.68418949  23.48421971  17.56898009
  18.16432749  18.24158268  22.78603996  22.6191532   22.44842584
  18.93010944  21.92287406  21.68622991  19.45768128  19.65894937
  21.2668735   20.87661187  20.6374792   20.05429663  20.11135775]


Matriz Laplaciana do grafo: 16
[[14  0 -1 ...,  0 -1 -1]
 [ 0 14  0 ..., -1 -1  0]
 [-1  0 15 ...,  0  0 -1]
 ..., 
 [ 0 -1  0 ..., 24 -1 -1]
 [-1 -1  0 ..., -1 24 -1]
 [-1  0 -1 ..., -1 -1 24]]

Autovalores: 
[ -9.83072317e-16   1.22759840e+01   1.29252384e+01   1.36531339e+01
   2.75114613e+01   2.74161946e+01   1.41738354e+01   2.69696579e+01
   2.64816290e+01   2.61397808e+01   2.57179241e+01   1.52963964e+01
   1.55104600e+01   1.59214614e+01   2.50533237e+01   1.61683315e+01
   2.48293085e+01   2.40051369e+01   2.39469406e+01   2.35016615e+01
   2.33394797e+01   2.30194139e+01   2.29187302e+01   2.22984830e+01
   2.19097385e+01   2.15734191e+01   2.12313312e+01   2.10643296e+01
   2.08539462e+01   1.69784671e+01   1.73116636e+01   2.02376855e+01
   1.78385722e+01   1.95282209e+01   1.81446476e+01   1.83616947e+01
   1.91876508e+01   1.90552301e+01   1.88618375e+01   1.87875987e+01]


Matriz Laplaciana do grafo: 17
[[14  0  0 ..., -1  0 -1]
 [ 0 15 -1 ..., -1  0 -1]
 [ 0 -1 15 ...,  0  0  0]
 ..., 
 [-1 -1  0 ..., 25 -1 -1]
 [ 0  0  0 ..., -1 25 -1]
 [-1 -1  0 ..., -1 -1 28]]

Autovalores: 
[ -3.52087342e-15   2.97834781e+01   1.25328726e+01   1.30490685e+01
   2.78888367e+01   1.36816219e+01   2.74061623e+01   1.43400656e+01
   1.45915795e+01   2.67949809e+01   1.51745155e+01   2.62152861e+01
   1.55348140e+01   2.56056014e+01   2.54624089e+01   2.52359688e+01
   1.60492737e+01   1.64689635e+01   2.43108030e+01   2.42018546e+01
   2.38954941e+01   2.35965868e+01   1.69842924e+01   1.74076932e+01
   1.76030424e+01   1.79343614e+01   1.81227912e+01   1.85448550e+01
   1.86061974e+01   1.88426998e+01   2.31130905e+01   2.28769224e+01
   2.23201090e+01   2.20094553e+01   1.97660178e+01   2.14707146e+01
   2.12535961e+01   2.08096778e+01   2.00633250e+01   2.04509222e+01]


Matriz Laplaciana do grafo: 18
[[14  0  0 ...,  0 -1  0]
 [ 0 14 -1 ..., -1  0  0]
 [ 0 -1 15 ..., -1  0 -1]
 ..., 
 [ 0 -1 -1 ..., 25 -1  0]
 [-1  0  0 ..., -1 26  0]
 [ 0  0 -1 ...,  0  0 27]]

Autovalores: 
[ -6.73939291e-16   2.90354142e+01   1.20638995e+01   2.80503311e+01
   1.30490695e+01   2.73914370e+01   2.70684824e+01   2.67991278e+01
   1.37313439e+01   2.60437408e+01   1.43374154e+01   2.55769143e+01
   1.50266999e+01   1.51019546e+01   1.55779226e+01   2.48100256e+01
   2.46502520e+01   2.43320629e+01   1.61308003e+01   1.63205322e+01
   1.64574028e+01   1.70120985e+01   1.72040984e+01   2.38860631e+01
   2.34593136e+01   1.77333891e+01   1.79279409e+01   2.31324481e+01
   2.27192733e+01   2.19720021e+01   2.18354388e+01   2.15516499e+01
   2.13229584e+01   2.09655325e+01   2.06184695e+01   1.89860296e+01
   1.90960969e+01   1.92827909e+01   1.98916713e+01   1.98479065e+01]


Matriz Laplaciana do grafo: 19
[[16  0  0 ..., -1  0 -1]
 [ 0 16 -1 ...,  0 -1  0]
 [ 0 -1 16 ..., -1  0  0]
 ..., 
 [-1  0 -1 ..., 23 -1  0]
 [ 0 -1  0 ..., -1 25 -1]
 [-1  0  0 ...,  0 -1 25]]

Autovalores: 
[  8.11661398e-16   1.29558091e+01   1.39471430e+01   2.75633547e+01
   2.73454678e+01   1.43206907e+01   1.47531528e+01   2.66353720e+01
   1.53344594e+01   2.61340535e+01   1.58052477e+01   1.59886217e+01
   1.62832269e+01   2.54945485e+01   2.53760747e+01   1.68179591e+01
   2.48184714e+01   1.73172683e+01   1.74686968e+01   2.43486465e+01
   1.80017096e+01   1.82925258e+01   1.86136830e+01   1.87703317e+01
   1.87858532e+01   2.40096503e+01   2.37521942e+01   2.35500609e+01
   2.30838805e+01   2.29993821e+01   2.27176270e+01   2.23265581e+01
   1.96318527e+01   1.99615557e+01   2.18146337e+01   2.05235085e+01
   2.07312289e+01   2.09815072e+01   2.11766580e+01   2.15673340e+01]


Matriz Laplaciana do grafo: 20
[[14  0  0 ...,  0  0  0]
 [ 0 15 -1 ..., -1 -1 -1]
 [ 0 -1 15 ...,  0 -1 -1]
 ..., 
 [ 0 -1  0 ..., 24 -1  0]
 [ 0 -1 -1 ..., -1 26 -1]
 [ 0 -1 -1 ...,  0 -1 26]]

Autovalores: 
[ -3.48155302e-15   1.23865104e+01   1.27014177e+01   2.86614728e+01
   2.81037696e+01   1.36098876e+01   2.75541290e+01   1.43969627e+01
   2.66133438e+01   2.63190424e+01   2.59747371e+01   2.55754415e+01
   1.50819333e+01   1.54405952e+01   1.56810222e+01   2.51274363e+01
   1.62661352e+01   1.66100873e+01   1.68617931e+01   1.70250739e+01
   2.44180763e+01   2.41443266e+01   2.39475211e+01   2.34682508e+01
   2.29540183e+01   2.27533345e+01   2.22238330e+01   2.21478301e+01
   2.19367886e+01   2.14655762e+01   2.09795869e+01   1.76049264e+01
   1.80604250e+01   1.83924926e+01   1.83384669e+01   1.99254596e+01
   1.98376608e+01   1.88328565e+01   1.92777685e+01   1.93000103e+01]


Matriz Laplaciana do grafo: 21
[[14  0  0 ...,  0  0 -1]
 [ 0 15 -1 ..., -1  0  0]
 [ 0 -1 16 ...,  0 -1 -1]
 ..., 
 [ 0 -1  0 ..., 24 -1 -1]
 [ 0  0 -1 ..., -1 24 -1]
 [-1  0 -1 ..., -1 -1 24]]

Autovalores: 
[ -8.54916749e-16   1.27282817e+01   2.80911643e+01   1.34116857e+01
   2.69575144e+01   2.65558858e+01   1.43681254e+01   2.62320752e+01
   1.48729102e+01   1.51000801e+01   1.53863546e+01   2.56257085e+01
   2.54503625e+01   2.52188697e+01   2.46658775e+01   2.45047335e+01
   1.60911865e+01   1.64440884e+01   1.66003428e+01   1.69563258e+01
   1.71357419e+01   1.76414801e+01   1.81275545e+01   1.83196498e+01
   2.39925045e+01   2.34646072e+01   2.32347575e+01   2.30629204e+01
   2.28435592e+01   2.24784219e+01   2.21433119e+01   2.15473288e+01
   1.90411000e+01   1.91350977e+01   2.11592553e+01   2.08644048e+01
   2.05884840e+01   1.97113626e+01   2.01690525e+01   2.00778330e+01]


Matriz Laplaciana do grafo: 22
[[15  0  0 ...,  0  0  0]
 [ 0 15 -1 ..., -1  0  0]
 [ 0 -1 16 ..., -1 -1 -1]
 ..., 
 [ 0 -1 -1 ..., 25  0 -1]
 [ 0  0 -1 ...,  0 25  0]
 [ 0  0 -1 ..., -1  0 26]]

Autovalores: 
[  4.97154487e-16   1.24421551e+01   2.85250314e+01   2.81625189e+01
   1.34281475e+01   1.36683420e+01   1.39998524e+01   2.69919654e+01
   2.65437343e+01   2.63844408e+01   2.56151034e+01   2.53485445e+01
   2.49408204e+01   1.53904994e+01   2.43145226e+01   2.40234476e+01
   2.36520056e+01   1.57854157e+01   2.30768715e+01   2.28081195e+01
   2.26198537e+01   2.24785488e+01   2.19546754e+01   1.63592156e+01
   1.64167829e+01   1.65999732e+01   1.68863329e+01   1.73815714e+01
   1.74354124e+01   1.79690995e+01   1.83644774e+01   2.13130768e+01
   2.10329659e+01   2.05392495e+01   2.06039830e+01   2.02080112e+01
   1.95445174e+01   1.89499967e+01   1.90281382e+01   1.92125802e+01]


Matriz Laplaciana do grafo: 23
[[11  0  0 ..., -1  0  0]
 [ 0 17 -1 ..., -1 -1 -1]
 [ 0 -1 17 ..., -1 -1 -1]
 ..., 
 [-1 -1 -1 ..., 26 -1  0]
 [ 0 -1 -1 ..., -1 27 -1]
 [ 0 -1 -1 ...,  0 -1 27]]

Autovalores: 
[ -1.77635684e-15   1.04250267e+01   2.92115362e+01   2.85541959e+01
   2.75269086e+01   1.36990691e+01   2.65996790e+01   1.43479741e+01
   1.49255080e+01   2.58268662e+01   1.51517767e+01   1.55415005e+01
   1.59904760e+01   1.61505669e+01   1.63930954e+01   2.53146471e+01
   2.50499510e+01   2.44336308e+01   2.42488543e+01   1.71799048e+01
   1.74346784e+01   2.38684369e+01   2.36211801e+01   1.79951620e+01
   2.29927794e+01   2.25930812e+01   2.23622178e+01   2.22264770e+01
   2.18985800e+01   1.85352216e+01   1.87115993e+01   1.88868081e+01
   1.91886021e+01   1.95068529e+01   2.14743772e+01   1.99685071e+01
   2.07844348e+01   2.07085770e+01   2.05236898e+01   2.01475699e+01]


Matriz Laplaciana do grafo: 24
[[13  0  0 ..., -1  0 -1]
 [ 0 14  0 ..., -1  0 -1]
 [ 0  0 15 ...,  0 -1 -1]
 ..., 
 [-1 -1  0 ..., 26 -1 -1]
 [ 0  0 -1 ..., -1 27 -1]
 [-1 -1 -1 ..., -1 -1 30]]

Autovalores: 
[ -3.55271368e-15   3.14287235e+01   1.17220767e+01   2.87091543e+01
   1.29240491e+01   2.79245464e+01   2.76325899e+01   1.35065164e+01
   2.70244645e+01   1.40548712e+01   2.62449603e+01   2.53846980e+01
   2.53139484e+01   1.47821688e+01   1.52657803e+01   1.57342988e+01
   1.58502334e+01   2.45791596e+01   2.41781584e+01   2.37250277e+01
   1.63961298e+01   1.67080073e+01   1.71124878e+01   1.73183002e+01
   1.75138664e+01   1.81021828e+01   1.83636706e+01   1.86594561e+01
   1.90180115e+01   1.92110605e+01   1.94191187e+01   2.31606788e+01
   2.28221307e+01   2.24306758e+01   2.03536956e+01   2.07313247e+01
   2.19836915e+01   2.17248648e+01   2.15936564e+01   2.13915640e+01]


Matriz Laplaciana do grafo: 25
[[11  0  0 ..., -1 -1 -1]
 [ 0 13  0 ...,  0  0  0]
 [ 0  0 15 ..., -1  0  0]
 ..., 
 [-1  0 -1 ..., 25  0 -1]
 [-1  0  0 ...,  0 25  0]
 [-1  0  0 ..., -1  0 31]]

Autovalores: 
[ -3.42392193e-15   3.23337005e+01   1.02573439e+01   1.18973835e+01
   1.34464488e+01   2.79172208e+01   2.74910558e+01   1.46101121e+01
   2.66395468e+01   1.50225065e+01   2.61434631e+01   2.58103623e+01
   1.56813665e+01   1.60995275e+01   1.61753275e+01   1.64595027e+01
   2.53509436e+01   1.68951190e+01   2.49131971e+01   1.74677974e+01
   1.77007235e+01   2.44632884e+01   1.80692524e+01   1.84491788e+01
   1.86328059e+01   1.89905678e+01   1.93272685e+01   1.95510551e+01
   2.38592142e+01   2.35392746e+01   2.32892341e+01   2.28775861e+01
   2.22477336e+01   2.24082614e+01   2.19598864e+01   2.15289030e+01
   2.10579481e+01   2.06409621e+01   2.04906256e+01   2.03043049e+01]


Matriz Laplaciana do grafo: 26
[[12  0  0 ...,  0 -1  0]
 [ 0 14  0 ..., -1  0 -1]
 [ 0  0 15 ..., -1 -1  0]
 ..., 
 [ 0 -1 -1 ..., 25 -1 -1]
 [-1  0 -1 ..., -1 25  0]
 [ 0 -1  0 ..., -1  0 25]]

Autovalores: 
[  0.          11.10274862  12.66560562  28.74374196  13.91711215
  14.40423958  14.76772324  27.38854592  27.13785537  26.92965053
  26.03895953  25.93756319  25.61178195  15.61399536  25.10496069
  15.98991414  16.14648676  16.52070844  16.94653491  17.31664927
  17.69144062  17.97077275  18.22050872  18.52020131  18.88009174
  19.38034999  19.61277459  19.80728337  24.6262228   24.39782797
  20.69496548  21.23316107  21.370271    21.67063405  23.60210955
  23.31210413  23.26499683  22.28411462  22.65800546  22.5173867 ]


Matriz Laplaciana do grafo: 27
[[14  0  0 ...,  0  0  0]
 [ 0 15  0 ...,  0  0 -1]
 [ 0  0 15 ...,  0 -1  0]
 ..., 
 [ 0  0  0 ..., 24 -1  0]
 [ 0  0 -1 ..., -1 25 -1]
 [ 0 -1  0 ...,  0 -1 28]]

Autovalores: 
[ -7.10542736e-15   2.97036001e+01   1.27497953e+01   2.77276543e+01
   2.69782680e+01   2.69090735e+01   2.61479967e+01   2.60814740e+01
   1.35193829e+01   1.36076016e+01   1.45669224e+01   1.44093489e+01
   2.52142521e+01   1.54509364e+01   1.56554141e+01   2.45533817e+01
   1.60792902e+01   2.42289026e+01   1.66152824e+01   2.38889676e+01
   2.33354303e+01   2.32755922e+01   2.28946896e+01   2.26327380e+01
   2.24326511e+01   2.20108277e+01   1.71028878e+01   1.73482268e+01
   2.13749796e+01   2.11337918e+01   1.79289319e+01   1.81073510e+01
   1.84032183e+01   1.87270863e+01   2.06177691e+01   2.03021128e+01
   2.00819277e+01   1.95851693e+01   1.92565925e+01   1.93604814e+01]


Matriz Laplaciana do grafo: 28
[[13  0  0 ...,  0  0 -1]
 [ 0 13  0 ..., -1  0  0]
 [ 0  0 15 ...,  0 -1  0]
 ..., 
 [ 0 -1  0 ..., 25 -1 -1]
 [ 0  0 -1 ..., -1 25 -1]
 [-1  0  0 ..., -1 -1 26]]

Autovalores: 
[ -1.59634250e-15   1.15130438e+01   1.21183555e+01   2.86043069e+01
   2.82005065e+01   2.78225094e+01   1.33260056e+01   2.71549339e+01
   2.68467362e+01   1.41099047e+01   2.61327412e+01   2.57817896e+01
   1.45515119e+01   1.48971074e+01   2.50759455e+01   2.47373201e+01
   1.55290191e+01   2.42420197e+01   2.37386776e+01   2.37861960e+01
   2.33546673e+01   2.29814466e+01   1.61550290e+01   1.64019235e+01
   1.66761566e+01   2.24134280e+01   2.21281598e+01   2.16139354e+01
   2.14904928e+01   1.72183528e+01   2.09390662e+01   1.76449459e+01
   1.77964593e+01   1.81490313e+01   2.05532003e+01   2.00568052e+01
   1.95674808e+01   1.86512904e+01   1.89311954e+01   1.91083028e+01]


Matriz Laplaciana do grafo: 29
[[10  0  0 ...,  0  0 -1]
 [ 0 16  0 ..., -1 -1 -1]
 [ 0  0 16 ..., -1 -1 -1]
 ..., 
 [ 0 -1 -1 ..., 24  0 -1]
 [ 0 -1 -1 ...,  0 24 -1]
 [-1 -1 -1 ..., -1 -1 30]]

Autovalores: 
[  0.           9.53203172  31.57704206  28.1093122   26.80700891
  13.8072757   13.93857137  14.33129916  14.51307478  14.91975203
  26.49644589  15.42521702  15.71992159  25.92893249  25.49991674
  25.33617154  25.13783093  24.97506555  24.37828336  16.47717464
  16.69964396  17.3603109   17.60575337  23.47960983  23.40897528
  23.05396101  22.85184964  22.30401249  17.94893103  18.4610755
  18.77175022  21.82105285  21.56666879  21.23572526  19.32745605
  20.81958273  20.60531789  19.66475903  19.94657704  20.15665944]


Matriz Laplaciana do grafo: 30
[[13  0  0 ..., -1  0 -1]
 [ 0 13  0 ..., -1  0  0]
 [ 0  0 15 ..., -1  0 -1]
 ..., 
 [-1 -1 -1 ..., 23  0 -1]
 [ 0  0  0 ...,  0 23 -1]
 [-1  0 -1 ..., -1 -1 32]]

Autovalores: 
[  0.          33.26898364  11.97787803  12.33224489  13.44846672
  14.28831884  27.02627972  15.19797094  26.30593859  15.56683649
  25.79957399  16.07917086  25.48005682  25.199783    25.05524103
  24.92031797  16.44058478  16.86675661  17.08760814  17.34007448
  24.3190967   24.00346368  23.9032061   17.61879385  17.94129332
  18.34430103  18.69239481  18.89730451  19.34891881  19.96279754
  20.08850249  20.2463875   23.41933517  21.07101764  21.16756297
  21.3388154   21.75450343  22.88246716  22.6448921   22.67286022]


