Matriz Laplaciana do grafo: 1
[[13 -1  0 ...,  0  0  0]
 [-1 14  0 ...,  0 -1  0]
 [ 0  0 15 ...,  0  0 -1]
 ..., 
 [ 0  0  0 ..., 27 -1 -1]
 [ 0 -1  0 ..., -1 28  0]
 [ 0  0 -1 ..., -1  0 29]]

Autovalores: 
[ -1.95225105e-15   3.12017106e+01   3.10188183e+01   3.01629711e+01
   1.08480102e+01   2.88099158e+01   2.85706279e+01   2.77317244e+01
   2.71354375e+01   2.68507349e+01   1.21085599e+01   1.24168464e+01
   1.26027520e+01   2.63801405e+01   2.60458501e+01   2.58917863e+01
   1.31943448e+01   2.55932144e+01   2.51164032e+01   2.49975969e+01
   1.36680848e+01   1.39403272e+01   2.42137178e+01   1.40792803e+01
   1.44197324e+01   2.38300786e+01   2.36168510e+01   2.34752387e+01
   2.32983414e+01   1.48208321e+01   1.50084333e+01   1.54814494e+01
   1.56251687e+01   1.57332316e+01   1.59398660e+01   1.63263498e+01
   1.63463620e+01   1.66525659e+01   1.69470275e+01   1.71628686e+01
   1.73343440e+01   1.77608824e+01   2.26107436e+01   2.21729387e+01
   2.20774550e+01   2.19059922e+01   2.16658241e+01   2.14727637e+01
   2.11958514e+01   2.11353115e+01   1.81427155e+01   2.03656604e+01
   2.02517711e+01   2.00801937e+01   1.97554245e+01   1.95998718e+01
   1.93159446e+01   1.84874485e+01   1.87367036e+01   1.86689075e+01]


Matriz Laplaciana do grafo: 2
[[13  0 -1 ..., -1 -1 -1]
 [ 0 14  0 ...,  0  0  0]
 [-1  0 15 ...,  0 -1 -1]
 ..., 
 [-1  0  0 ..., 26 -1 -1]
 [-1  0 -1 ..., -1 28  0]
 [-1  0 -1 ..., -1  0 28]]

Autovalores: 
[  3.55271368e-15   3.10214603e+01   1.09876118e+01   2.97671486e+01
   2.92656133e+01   1.18055195e+01   2.86096079e+01   1.22652549e+01
   2.77337167e+01   2.75859654e+01   2.72718734e+01   1.28911872e+01
   1.31693189e+01   2.68061702e+01   1.34209643e+01   2.61990896e+01
   2.62697692e+01   1.38127103e+01   1.41965092e+01   2.53786954e+01
   2.51214701e+01   1.47665396e+01   2.47659638e+01   2.44130335e+01
   2.42769961e+01   1.49716022e+01   2.37795993e+01   2.36516719e+01
   1.53521224e+01   1.57567207e+01   1.58300371e+01   1.59659261e+01
   1.62374501e+01   1.63403449e+01   2.32367959e+01   2.30949654e+01
   2.26358151e+01   2.25701273e+01   2.23822644e+01   2.20036578e+01
   2.18726291e+01   1.67447565e+01   1.69518389e+01   2.14767680e+01
   1.72958809e+01   2.09893248e+01   2.09020008e+01   1.76710457e+01
   1.78388305e+01   2.05106738e+01   2.03752826e+01   2.00200429e+01
   1.99179143e+01   1.95917059e+01   1.93311783e+01   1.82395096e+01
   1.88598041e+01   1.87637584e+01   1.86607003e+01   1.83750646e+01]


Matriz Laplaciana do grafo: 3
[[10  0  0 ..., -1  0  0]
 [ 0 13 -1 ..., -1  0  0]
 [ 0 -1 13 ...,  0  0  0]
 ..., 
 [-1 -1  0 ..., 26 -1  0]
 [ 0  0  0 ..., -1 27 -1]
 [ 0  0  0 ...,  0 -1 27]]

Autovalores: 
[ -4.81539583e-15   9.15289907e+00   3.02496904e+01   2.97651165e+01
   1.11871348e+01   2.91193899e+01   2.86620849e+01   1.20668276e+01
   1.22596108e+01   1.26067528e+01   2.77301539e+01   1.32730079e+01
   2.73516771e+01   1.38479284e+01   2.67389672e+01   2.65931579e+01
   1.42163653e+01   2.61713047e+01   2.59595986e+01   1.45941655e+01
   2.56269638e+01   2.51313616e+01   2.49673843e+01   2.47587049e+01
   2.45004014e+01   1.52360756e+01   1.52051568e+01   1.55337540e+01
   1.56698464e+01   2.38980595e+01   2.34017045e+01   2.31378321e+01
   2.31238580e+01   2.27822861e+01   2.26809610e+01   2.25660458e+01
   1.64770698e+01   1.66618518e+01   1.68067459e+01   1.70773327e+01
   1.72370703e+01   2.21282472e+01   1.77123642e+01   1.78489395e+01
   1.79662652e+01   1.82183895e+01   2.17179382e+01   1.85318666e+01
   2.14018736e+01   2.11631419e+01   2.10045457e+01   2.08110634e+01
   2.05519582e+01   2.02802534e+01   1.89021055e+01   1.99479424e+01
   1.96888043e+01   1.92147425e+01   1.95222019e+01   1.93610574e+01]


Matriz Laplaciana do grafo: 4
[[10  0  0 ..., -1  0  0]
 [ 0 13  0 ..., -1 -1 -1]
 [ 0  0 13 ..., -1  0 -1]
 ..., 
 [-1 -1 -1 ..., 25 -1 -1]
 [ 0 -1  0 ..., -1 25  0]
 [ 0 -1 -1 ..., -1  0 32]]

Autovalores: 
[  0.          33.78360262   9.22920957  29.07386116  28.33186866
  28.10218506  27.88779073  27.57830837  11.30041965  11.85474926
  11.95927194  26.67043019  26.36361509  26.20967213  12.84822437
  13.00467276  13.33660938  13.74660488  14.11161675  14.45313962
  14.69049243  25.77824206  25.5488048   15.46094135  25.02525696
  24.70959395  24.66022162  24.41419563  24.05644146  23.91865345
  23.72204059  15.73825102  16.15781367  16.27976485  16.55111265
  23.20484286  22.95278557  22.65746614  17.24644348  22.36304061
  22.19903579  21.9138761   21.6151916   21.42112986  21.23660329
  17.56184272  17.69591954  17.93345667  18.19810298  20.69048608
  20.54915608  20.29004076  18.58952424  19.74321961  19.78507341
  19.3311035   19.42577996  19.10914789  18.82304785  18.90600469]


Matriz Laplaciana do grafo: 5
[[ 9  0  0 ..., -1 -1  0]
 [ 0 11  0 ...,  0  0  0]
 [ 0  0 14 ...,  0 -1 -1]
 ..., 
 [-1  0  0 ..., 27 -1 -1]
 [-1  0 -1 ..., -1 29 -1]
 [ 0  0 -1 ..., -1 -1 30]]

Autovalores: 
[ -6.00382427e-17   8.41535804e+00   3.21157890e+01   3.12874434e+01
   1.00291469e+01   2.96405401e+01   1.16843352e+01   2.88120984e+01
   2.84205417e+01   1.23832464e+01   1.26894033e+01   2.75603085e+01
   2.73499964e+01   2.72791656e+01   1.33379571e+01   1.34794196e+01
   1.37345268e+01   2.66070002e+01   2.64488960e+01   2.59793586e+01
   1.42853544e+01   1.43222173e+01   1.45699791e+01   2.56000065e+01
   2.53151684e+01   2.50890141e+01   1.52450942e+01   1.55044708e+01
   1.57199425e+01   1.59741697e+01   1.60137298e+01   1.65279607e+01
   1.63603230e+01   2.45480587e+01   2.44410263e+01   1.69569359e+01
   1.72887318e+01   1.76670731e+01   2.39432460e+01   2.37090282e+01
   2.33341426e+01   2.29618663e+01   2.26659786e+01   2.25357981e+01
   2.22512540e+01   1.80253514e+01   1.83725115e+01   1.87346007e+01
   1.88735663e+01   1.90065682e+01   2.16813207e+01   2.13396717e+01
   2.13203871e+01   2.10776895e+01   2.09860943e+01   2.09357559e+01
   2.02567983e+01   1.99583606e+01   1.96293659e+01   1.97168569e+01]


Matriz Laplaciana do grafo: 6
[[13  0  0 ...,  0  0  0]
 [ 0 13  0 ...,  0  0  0]
 [ 0  0 13 ...,  0  0  0]
 ..., 
 [ 0  0  0 ..., 27  0 -1]
 [ 0  0  0 ...,  0 27  0]
 [ 0  0  0 ..., -1  0 31]]

Autovalores: 
[  0.          33.04561263  29.97063552  29.79348661  10.88707919
  28.91966005  11.59412489  28.1844289   11.9847289   27.639901
  27.31053299  27.15911658  12.53968472  26.47063795  12.94490855
  26.05609057  13.55167566  13.6266773   13.86836888  14.24589981
  25.67190048  14.58462721  25.34498971  24.80659239  24.64127805
  24.38732669  15.20779126  15.32924611  24.07373413  23.73524797
  15.66621555  23.37644839  16.02019208  16.28045513  22.90282437
  22.70802665  22.41390254  22.31286302  22.00794735  21.77423327
  16.52936969  16.80500203  16.83006405  17.14599273  17.28470581
  21.30518625  21.02440251  17.73316646  20.78307707  20.44185949
  20.18402871  18.18441487  18.33833368  18.41847234  18.61851304
  19.90205661  19.10262124  19.33687602  19.53023763  19.46252671]


Matriz Laplaciana do grafo: 7
[[13  0  0 ...,  0  0 -1]
 [ 0 13  0 ...,  0  0 -1]
 [ 0  0 13 ...,  0  0  0]
 ..., 
 [ 0  0  0 ..., 27  0  0]
 [ 0  0  0 ...,  0 28 -1]
 [-1 -1  0 ...,  0 -1 28]]

Autovalores: 
[ -8.25937860e-16   3.08878128e+01   3.04930659e+01   1.08541935e+01
   2.94128699e+01   2.90867236e+01   1.15226238e+01   1.18241275e+01
   1.21627881e+01   2.82935045e+01   2.79357818e+01   1.24491564e+01
   2.74031249e+01   2.72649176e+01   2.69703975e+01   1.30558718e+01
   1.34090049e+01   1.37646324e+01   2.60390506e+01   1.42236475e+01
   2.56923693e+01   2.55770451e+01   1.47097022e+01   1.48584629e+01
   1.50351272e+01   2.52113834e+01   2.49743854e+01   1.54067902e+01
   2.45707957e+01   2.40797255e+01   2.39306852e+01   2.37705697e+01
   1.58785765e+01   1.60370245e+01   1.62944503e+01   1.64597517e+01
   1.69542951e+01   2.30241283e+01   2.28574470e+01   2.26329476e+01
   2.22649202e+01   1.73391933e+01   1.76399197e+01   1.79251429e+01
   1.80693880e+01   2.19211539e+01   2.15692595e+01   1.83823703e+01
   1.85822608e+01   1.86895539e+01   1.89586997e+01   2.13118221e+01
   1.93971615e+01   2.09299988e+01   2.08341187e+01   2.07382575e+01
   1.98304010e+01   1.99874008e+01   2.02245070e+01   2.03955128e+01]


Matriz Laplaciana do grafo: 8
[[12  0  0 ...,  0  0  0]
 [ 0 12  0 ...,  0 -1  0]
 [ 0  0 13 ...,  0  0  0]
 ..., 
 [ 0  0  0 ..., 25  0 -1]
 [ 0 -1  0 ...,  0 26 -1]
 [ 0  0  0 ..., -1 -1 29]]

Autovalores: 
[  0.          31.34693493  10.71735154  29.41825256  11.05681267
  11.32985762  28.86449208  12.2033596   27.81610774  27.50486659
  27.41078426  27.1536592   13.03637959  13.22714035  13.70826517
  13.88141747  14.06624537  26.4134248   26.17999346  26.08143676
  25.68113637  25.63871358  25.42093567  24.81290437  24.43967685
  24.61972431  14.62618876  14.94726827  23.8786654   15.33889919
  23.54269227  15.78619089  15.87372319  16.34039087  16.38113772
  16.66678407  23.30814933  23.00940064  17.06878647  17.28048426
  22.65220386  22.46792383  22.20352281  21.84996971  17.79084318
  17.95026311  21.5511854   18.26994903  18.42831733  18.61788788
  21.28795443  21.20959808  19.01087977  20.77441465  20.49188957
  19.49115721  20.23244476  20.14206303  19.68958993  19.80930821]


Matriz Laplaciana do grafo: 9
[[10  0  0 ...,  0 -1 -1]
 [ 0 13  0 ..., -1  0  0]
 [ 0  0 14 ..., -1  0  0]
 ..., 
 [ 0 -1 -1 ..., 26 -1 -1]
 [-1  0  0 ..., -1 26 -1]
 [-1  0  0 ..., -1 -1 26]]

Autovalores: 
[  3.46364156e-15   9.26365966e+00   3.01779986e+01   2.94569974e+01
   2.91321847e+01   2.87941358e+01   1.14941368e+01   2.82891173e+01
   2.76931310e+01   1.23347320e+01   1.25604613e+01   1.31243193e+01
   2.68374219e+01   1.35845599e+01   2.62912359e+01   2.60097341e+01
   2.57366741e+01   2.55434286e+01   1.40981837e+01   2.50677876e+01
   1.45933993e+01   1.47240972e+01   1.52129266e+01   1.53382732e+01
   1.54357092e+01   1.55792767e+01   2.47309662e+01   2.44985095e+01
   2.43589755e+01   2.41579795e+01   2.38986689e+01   2.36711775e+01
   2.33561444e+01   1.61617059e+01   1.65886858e+01   1.66648189e+01
   1.67935991e+01   1.70709842e+01   1.72537072e+01   1.74059397e+01
   2.28771989e+01   2.26938791e+01   2.24028892e+01   2.20921943e+01
   2.17550395e+01   2.13108443e+01   2.15960619e+01   2.08982074e+01
   1.80279207e+01   1.81767096e+01   1.84028581e+01   1.85608654e+01
   2.05826713e+01   2.03853998e+01   1.90229651e+01   1.99644381e+01
   1.98984344e+01   1.93760121e+01   1.94814260e+01   1.95085404e+01]


Matriz Laplaciana do grafo: 10
[[10  0  0 ...,  0  0 -1]
 [ 0 12  0 ...,  0 -1  0]
 [ 0  0 13 ...,  0  0 -1]
 ..., 
 [ 0  0  0 ..., 27  0 -1]
 [ 0 -1  0 ...,  0 27  0]
 [-1  0 -1 ..., -1  0 30]]

Autovalores: 
[  3.50617146e-15   9.24152749e+00   3.22338252e+01   3.06696696e+01
   3.00145829e+01   1.09569955e+01   1.12817139e+01   2.90077800e+01
   1.18126135e+01   2.83028934e+01   1.30812176e+01   1.32139012e+01
   2.75270466e+01   2.73107518e+01   2.69277842e+01   2.67961909e+01
   1.36006588e+01   1.38036900e+01   2.63705979e+01   2.60184780e+01
   2.58372559e+01   2.52463521e+01   1.45508018e+01   1.47711383e+01
   1.49295624e+01   1.51243271e+01   1.54810083e+01   1.58585680e+01
   1.59479216e+01   1.61573764e+01   1.63257827e+01   2.46140295e+01
   2.44927459e+01   2.44185232e+01   2.40700035e+01   2.35567772e+01
   2.34954522e+01   2.32889978e+01   2.27290547e+01   2.25134569e+01
   2.22258227e+01   2.19034455e+01   1.69008641e+01   1.71983838e+01
   1.73641141e+01   2.14181402e+01   2.11896552e+01   2.08144027e+01
   2.04439885e+01   2.05745755e+01   2.00677299e+01   1.97771094e+01
   1.78521209e+01   1.93282592e+01   1.91309030e+01   1.81089940e+01
   1.82496716e+01   1.85084185e+01   1.86543867e+01   1.87079607e+01]


