Vetor Fiedler do grafo: 1
[ 0.07474417  0.17062696  0.04616759  0.10342339  0.11061662 -0.3705876
 -0.13338479 -0.58748335 -0.01620307 -0.04558562  0.37736233  0.02385141
 -0.19365784  0.08373722  0.0746227  -0.02594499 -0.19508067  0.45125768
  0.00470277  0.0468151 ]

Vetor Fiedler do grafo: 2
[-0.08243424 -0.1697445  -0.06320571 -0.08566571  0.05264827  0.36862208
  0.00147112  0.51263207 -0.53512056 -0.03615907 -0.01937049 -0.27174976
 -0.22564533  0.10338865 -0.03832201 -0.01039856  0.02711564  0.32244957
  0.14775513  0.00173341]

Vetor Fiedler do grafo: 3
[ 0.03957443  0.44942264  0.06542894  0.09423068  0.00628892  0.00646403
  0.06413432  0.44221329  0.01637392 -0.19657362 -0.06847115  0.13322249
 -0.10099102 -0.02077339  0.13148421  0.0131747  -0.05554065 -0.13859133
 -0.64507384 -0.23599758]

Vetor Fiedler do grafo: 4
[ 0.06005377 -0.05030419 -0.14786745  0.02592094 -0.34844023  0.3947979
  0.13737133  0.13899193 -0.47555737 -0.3880274   0.13165687 -0.07543137
 -0.02081741 -0.0731144  -0.0301621   0.02568132  0.07055728  0.21539518
 -0.03371557  0.44301098]

Vetor Fiedler do grafo: 5
[-0.4579017  -0.03601736  0.00286263  0.66665005 -0.08483002  0.01479432
 -0.06830861 -0.07883135  0.3912453  -0.08344889  0.05188765  0.0599078
 -0.03838739  0.05363662  0.06032822 -0.33781287 -0.0767906  -0.14814402
  0.00943568  0.09972453]

Vetor Fiedler do grafo: 6
[-0.27404631  0.33819792  0.0521719  -0.24825126  0.00586356 -0.00156258
  0.08863363 -0.24135182  0.2124478   0.14378381 -0.09927659 -0.01337656
  0.41460805  0.28147671 -0.00398786  0.09382651  0.0520728  -0.53792816
 -0.03812624 -0.22517532]

Vetor Fiedler do grafo: 7
[-0.09383254 -0.07069793  0.1055127  -0.10645935  0.02434348 -0.05511937
  0.03885424 -0.13435858  0.01631132 -0.14107052  0.0727585   0.13564161
  0.00914078 -0.19772244 -0.18179895 -0.09492555  0.15157611  0.85695069
 -0.13631067 -0.19879352]

Vetor Fiedler do grafo: 8
[-0.15451111 -0.0470493  -0.10992726  0.06333772  0.06507739  0.02527872
  0.10041244 -0.15936533 -0.05737163 -0.29657216 -0.12906654  0.13651339
 -0.07044653 -0.10867509  0.09050106  0.85865203 -0.03788436  0.04884834
 -0.08493541 -0.13281636]

Vetor Fiedler do grafo: 9
[-0.05340183  0.13552855 -0.05165749  0.23610447  0.01243067 -0.22558654
 -0.07057572 -0.16014607  0.12345966 -0.10540699 -0.12443418  0.81705747
 -0.11369735  0.0107777   0.07964864  0.07267335 -0.06861103 -0.1140658
 -0.25856877 -0.14152875]

Vetor Fiedler do grafo: 10
[ 0.10465182 -0.21147139 -0.02546523  0.07953195 -0.65203554 -0.03000538
  0.57355686 -0.08647945  0.04918452 -0.07273177  0.07647356 -0.03268426
  0.23587182 -0.03056396  0.04613523  0.0303016   0.16332001 -0.26639015
 -0.00549611  0.05429588]

Vetor Fiedler do grafo: 11
[-0.03726232 -0.07452252 -0.16895071 -0.17814226 -0.0381438  -0.10991129
 -0.09208729  0.09005282  0.10522448 -0.05709014  0.15116688 -0.08530289
 -0.07754566  0.84521633 -0.18029124 -0.23479556  0.05161603  0.18323688
  0.02319752 -0.11566526]

Vetor Fiedler do grafo: 12
[  5.85699400e-02   5.17260000e-04  -1.15062340e-01  -1.69905100e-02
  -4.09171000e-02   6.83686000e-03   7.14120910e-01  -4.38422400e-02
   2.36431100e-02  -1.81975780e-01   6.15400600e-02  -1.35980420e-01
  -4.22648000e-01   4.22246900e-01  -2.70491500e-02  -1.35405900e-01
  -1.70172720e-01   8.85011000e-03  -6.80653900e-02   6.17843600e-02]

Vetor Fiedler do grafo: 13
[ 0.07722522  0.08871228 -0.026748   -0.03779527  0.06253322  0.06692481
  0.07369086  0.0581132  -0.96013737  0.07370576  0.06029383 -0.01501828
  0.07787461  0.08389164  0.06240123  0.08938423  0.05948474  0.05340456
 -0.01229285  0.06435159]

Vetor Fiedler do grafo: 14
[-0.09409574 -0.04458606 -0.0871517   0.00990148  0.21371552  0.14066948
 -0.10419963  0.14130781 -0.06918895  0.08038126  0.14847873 -0.82639019
 -0.01458122  0.08458475  0.1561815   0.05469889 -0.08828485  0.35022411
 -0.0606492   0.00898401]

Vetor Fiedler do grafo: 15
[ 0.03331476  0.17949013  0.10057248  0.00241486  0.02004993  0.21664926
 -0.09061588  0.15074164 -0.80212151  0.19197925 -0.04441932  0.07156748
 -0.06677485 -0.32848576  0.06089425 -0.03866953  0.12083461  0.06330782
 -0.06540276  0.22467315]

Vetor Fiedler do grafo: 16
[-0.12230514 -0.14405615  0.0130717   0.45715398 -0.075657    0.12268615
  0.03417315  0.09866418 -0.07795842  0.0980701  -0.14714242  0.03904878
  0.35967293 -0.02317843 -0.19981577  0.08011012  0.19090948  0.04349962
 -0.06441835 -0.68252853]

Vetor Fiedler do grafo: 17
[-0.33461275 -0.1159326  -0.08755353 -0.01862677 -0.12327415 -0.16486024
  0.07512464  0.01853515  0.24138675 -0.15325596 -0.19352638  0.09061774
 -0.03767938  0.11005257  0.80595351 -0.08109574 -0.0905783   0.1027098
 -0.04848752  0.00510313]

Vetor Fiedler do grafo: 18
[ 0.51359204 -0.46045593  0.0613776  -0.01318961  0.21374981  0.14436012
 -0.07215735  0.06901444  0.03348254  0.19280544  0.11473239  0.11003657
  0.01081181 -0.19186573 -0.53915894  0.07146698 -0.06796136 -0.17173705
  0.07171771 -0.09062147]

Vetor Fiedler do grafo: 19
[ 0.07276156  0.07909355  0.0543557   0.06487704  0.0668132   0.06380118
  0.08912222 -0.05543012  0.08673143  0.06069347 -0.9438845   0.0748765
  0.1005553   0.09994172 -0.0285837  -0.11804728  0.07657125  0.0758222
 -0.00665963  0.0865889 ]

Vetor Fiedler do grafo: 20
[ 0.14481316  0.13557254 -0.09821399 -0.24047999  0.25164756  0.24371897
 -0.42840845 -0.57818874 -0.10620149 -0.07721403  0.03135301  0.09277505
  0.09468211  0.03523028  0.07868885 -0.15031457  0.13580707  0.04578771
 -0.01837576  0.40732071]

Vetor Fiedler do grafo: 21
[ 0.02652502 -0.3890795  -0.25478494  0.01549922  0.3236786  -0.00365595
  0.00632166 -0.09137987  0.11129544 -0.01158963  0.02072551  0.17030781
  0.06438713 -0.40533807 -0.13925827 -0.08432309 -0.06341745  0.2997461
 -0.15634647  0.56068673]

Vetor Fiedler do grafo: 22
[-0.54281471 -0.01368365 -0.28885295 -0.24086338 -0.12426808  0.16981489
  0.5635907  -0.16843303  0.21035307 -0.16923099  0.09840811 -0.04415127
  0.02535413  0.18490687  0.00473624  0.12629135 -0.01927758  0.11797574
 -0.03912907  0.14927359]

Vetor Fiedler do grafo: 23
[-0.11454473 -0.07206089 -0.15924051  0.05655427  0.05485008 -0.1000608
  0.10781803  0.07994886 -0.175445   -0.0589638  -0.08669861 -0.07561619
 -0.08777683  0.02817017 -0.03033761  0.90500258 -0.09016077 -0.19330836
  0.02304533 -0.01117522]

Vetor Fiedler do grafo: 24
[ 0.05107546  0.70959681 -0.16386947  0.14523668 -0.12084481  0.02220477
 -0.13919213 -0.06657238 -0.04674339 -0.16840118 -0.21766329  0.24146683
  0.0250212  -0.08375253  0.23152621 -0.02833924 -0.36281181  0.21643943
 -0.10804814 -0.13632903]

Vetor Fiedler do grafo: 25
[ -8.49310450e-01  -1.00252800e-02   8.35372400e-02   1.16680450e-01
  -7.18074000e-02   2.51237700e-02   5.73680000e-04   1.13676810e-01
   1.24748610e-01  -1.31473850e-01   1.69084420e-01   8.54927800e-02
  -5.73660300e-02  -1.75766830e-01   2.96643230e-01   8.58830300e-02
   9.56161700e-02   1.10659350e-01   9.27687500e-02  -1.04738450e-01]

Vetor Fiedler do grafo: 26
[ 0.06330192 -0.24924374  0.52211059  0.09569026 -0.19671456 -0.56758244
  0.16747452 -0.11269936 -0.1690816  -0.06256149  0.00374785  0.06247048
 -0.11019464  0.04895364  0.30745649  0.13203332  0.08132219 -0.10691022
 -0.13571019  0.22613698]

Vetor Fiedler do grafo: 27
[-0.02424414 -0.06397461 -0.12004912  0.83952892 -0.06535376  0.04744353
 -0.1406814   0.08308977  0.00789864 -0.14492718 -0.12189717  0.03416076
 -0.22864161  0.21677326  0.06227057 -0.11628114 -0.07137861  0.10206689
 -0.02571232 -0.27009129]

Vetor Fiedler do grafo: 28
[-0.35665916 -0.46880212  0.19211039 -0.10381889  0.03306448  0.05812865
 -0.03136471  0.36174428 -0.08027312  0.09785957  0.13218106  0.25601733
 -0.1479435   0.00335368 -0.20363232  0.07158383  0.18787197 -0.07034122
 -0.32531405  0.39423384]

Vetor Fiedler do grafo: 29
[ 0.00083791  0.33735142 -0.19457758 -0.07698032  0.05475106 -0.05834098
  0.15371933 -0.24808723 -0.16267197  0.07333363 -0.38890769 -0.17940328
  0.62475999  0.12820256 -0.00760443 -0.32940558  0.06821324  0.05988764
  0.0997222   0.04520007]

Vetor Fiedler do grafo: 30
[ 0.09694797 -0.07029777 -0.07473197  0.02685539 -0.06938871  0.0570269
 -0.88062864 -0.05162442  0.08523751  0.17269906  0.07867468  0.14539038
 -0.03994188 -0.00344619  0.0799612   0.2917206   0.04721099  0.03566008
  0.15768973 -0.0850149 ]

