Vetor Fiedler do grafo: 1
[  6.61424670e-01   4.37633480e-01   3.16048880e-01  -1.23435840e-01
  -1.30125930e-01   6.72856000e-03  -1.56438710e-01  -3.71590200e-02
   2.05153610e-01   5.94203000e-02  -7.71585500e-02  -4.08114100e-02
  -4.39627000e-03  -7.17225400e-02   6.01662700e-02  -1.18221590e-01
   1.77326200e-02   3.06700300e-02  -2.01477200e-02  -3.28950700e-02
   1.26300800e-01   9.85198000e-03   8.88951300e-02  -1.83440900e-02
  -7.33611900e-02  -6.29475600e-02  -3.81001000e-02  -7.73871500e-02
  -5.52340000e-04  -3.67923400e-02  -3.23330500e-02   5.67437300e-02
  -6.23907200e-02  -3.83150500e-02   2.45752800e-02  -8.03815900e-02
  -8.48720400e-02  -3.98481300e-02   5.94359300e-02  -2.71402000e-02
  -2.20250800e-02   7.96176900e-02   1.02368800e-02  -4.10331500e-02
  -4.48710100e-02  -4.87533700e-02   9.77920000e-04  -5.77197300e-02
  -2.59268600e-02  -3.11215700e-02  -3.70604500e-02  -5.53505700e-02
  -4.94178000e-03  -2.52739500e-02  -1.72697000e-03  -4.73374000e-02
  -2.66266500e-02   6.86100000e-05  -2.12652300e-02  -3.46569000e-02
   1.83785000e-03  -2.43800100e-02  -1.48776700e-02  -3.34602000e-02
  -5.09054200e-02   1.79533400e-02  -4.56921100e-02   1.88409300e-02
   1.02470000e-02   7.75642000e-03  -3.66702600e-02  -6.06403700e-02
  -4.37863200e-02  -1.26289100e-02   7.47501500e-02   1.71636600e-02
   2.66122100e-02   2.82200000e-05   3.43281700e-02  -4.91283800e-02
  -1.83295900e-02  -3.84280700e-02  -1.44023000e-02  -1.55953400e-02
   2.67779700e-02   1.74459900e-02  -1.82226000e-02  -8.71271000e-03
  -1.95610000e-03   3.19381800e-02  -2.79825100e-02   7.97793000e-03
  -1.44783500e-02  -2.97895200e-02   2.24655000e-02  -2.06826200e-02
  -9.92111000e-03   4.40712700e-02  -7.43249000e-03  -2.80530000e-03]

Vetor Fiedler do grafo: 2
[ -8.84973990e-01  -3.36934970e-01   1.30432200e-02  -1.28454850e-01
   3.38717000e-02   4.64497200e-02   4.04250600e-02   2.95595200e-02
   3.28683400e-02   2.17279800e-02   2.10733600e-02  -9.26167300e-02
   3.58669600e-02   4.07907500e-02   1.21088100e-02   4.12924300e-02
   3.28012400e-02   5.07490600e-02   4.48227100e-02   3.21933400e-02
   2.55627100e-02   1.68973100e-02   2.12247900e-02   2.31673000e-02
  -1.60952700e-02  -1.30619500e-02  -6.13562500e-02   3.08871200e-02
   3.25288100e-02  -1.29028300e-02  -1.24684900e-02   3.39288200e-02
   1.16790300e-02   7.15702000e-03  -4.03049200e-02   1.36032200e-02
   3.44684400e-02   1.33802700e-02   6.15783000e-03   2.53385700e-02
   4.15989800e-02   3.71746700e-02   2.11205900e-02   1.54982800e-02
   3.34715100e-02   2.50110000e-04  -7.22625800e-02   3.12475200e-02
  -1.76645800e-02   2.86387800e-02  -5.19690400e-02  -5.63459200e-02
   1.97641900e-02   9.70669000e-03   3.19360500e-02  -5.58174200e-02
   1.07174900e-02   2.45355300e-02   3.00130300e-02   1.71596000e-02
   1.76301200e-02   3.80202500e-02   2.47216500e-02   2.55559400e-02
   3.00523900e-02   1.88252500e-02  -7.15350000e-04   1.58515200e-02
  -6.41500000e-05   2.62276000e-02   4.18366100e-02   1.87647100e-02
   1.97371800e-02   3.31870700e-02  -3.63963800e-02   1.20038200e-02
   2.20050100e-02   1.27314400e-02  -2.02827000e-02   1.56666300e-02
   2.36670800e-02   1.57498900e-02   2.76519200e-02   1.78436400e-02
   1.94607700e-02   3.35363100e-02   3.20518900e-02   1.98021900e-02
   2.65612300e-02   1.38947000e-02  -8.38649000e-03   2.50331200e-02
  -4.86150000e-04   2.56710600e-02   2.14255600e-02   4.16779000e-03
   2.10956800e-02   9.71435000e-03   2.74037600e-02   3.55442000e-03]

Vetor Fiedler do grafo: 3
[-0.7844512  -0.4610423  -0.00422707  0.07791892  0.03789695 -0.15785635
  0.06389535  0.06389452  0.02186502  0.01780002  0.00916676  0.02919583
 -0.00386782  0.07701557  0.00703872  0.06142585  0.05468004  0.04824768
  0.01961928  0.02010456  0.00268403 -0.15079001 -0.07673693  0.02826149
  0.04239768  0.05741498 -0.00485561 -0.01432196 -0.00825003 -0.08680664
 -0.07712895  0.04147298  0.02304589  0.05040073  0.07970566  0.06442085
 -0.00230595  0.03821128  0.04410101  0.04362291 -0.04537698  0.01933506
 -0.03781855  0.02441587 -0.03551459  0.00898095  0.02680782  0.02616317
 -0.00548827 -0.00324632  0.03536339  0.03381588 -0.05841921  0.0063924
  0.03479359  0.03288915  0.03924425  0.03397206  0.02574446  0.04572839
  0.01749531 -0.03741844 -0.03639164 -0.01600701  0.02676301  0.04201792
  0.01551757 -0.01396075  0.03894182  0.03883674  0.00907233  0.02265816
  0.02165081  0.02673474  0.02219347  0.00879856  0.02366134  0.03541506
  0.00173348  0.01967328  0.02472097  0.0368274   0.04760245  0.01859134
 -0.0159445   0.01303268  0.00225181 -0.0162525  -0.0038608   0.01516535
 -0.02065849  0.03294235  0.01869471  0.02647589 -0.01519774  0.0191723
 -0.01372531  0.0160212   0.01458931  0.03151953]

Vetor Fiedler do grafo: 4
[  9.20170450e-01   2.62614910e-01  -5.30941600e-02  -2.69081300e-02
  -5.73667400e-02   1.64001300e-02  -3.58434600e-02   2.84986000e-03
  -1.72624100e-02  -3.52777600e-02  -3.29883900e-02   5.02521000e-03
  -2.28111900e-02  -4.79781500e-02  -4.09972400e-02   1.05297870e-01
  -3.26376000e-03  -4.21034000e-02  -1.48211600e-02   8.99195100e-02
  -1.70761100e-02  -4.42788600e-02  -2.29912000e-03  -2.59043200e-02
  -3.49975600e-02  -2.47664500e-02  -1.29731300e-02  -1.59239800e-02
  -3.09371000e-03  -2.68488900e-02  -1.94596800e-02  -3.25147100e-02
  -1.75914000e-02  -2.70994800e-02  -2.15293400e-02  -3.26832500e-02
   7.03582300e-02  -3.71141600e-02   1.18622200e-02  -1.91837400e-02
  -2.46931600e-02  -1.42761800e-02  -6.06106000e-03  -3.75384300e-02
  -1.29849700e-02   6.04331100e-02  -7.10173000e-03  -5.39197000e-03
  -2.48340000e-02  -1.49112200e-02  -2.07239000e-02  -2.53756000e-02
  -1.90745600e-02  -1.97323000e-02  -3.49323200e-02  -1.38082500e-02
  -5.46454000e-03  -1.67479800e-02   5.44273600e-02  -2.47818400e-02
  -8.56835000e-03  -2.27409300e-02  -2.55342800e-02  -2.23096000e-02
   8.59475000e-03  -1.99241100e-02  -2.22972800e-02  -1.16079400e-02
  -2.93230100e-02  -2.27273300e-02   1.39932000e-03  -1.64213900e-02
  -8.51165000e-03  -1.33311300e-02  -2.08426400e-02  -2.71586000e-03
  -2.66093000e-02  -7.08690000e-04  -1.61317800e-02  -1.34182500e-02
  -7.83303000e-03  -9.61627000e-03  -2.75262800e-02   3.90620200e-02
   4.69867900e-02  -1.46551700e-02  -2.20169300e-02  -1.39113100e-02
  -2.26267700e-02  -1.30559500e-02  -1.26807500e-02  -1.04712500e-02
   7.25361000e-03  -1.23034300e-02  -2.69210400e-02  -1.97883800e-02
  -2.29283000e-02  -1.76704100e-02   4.00844700e-02  -1.05231700e-02]

Vetor Fiedler do grafo: 5
[  9.44345080e-01   2.27997510e-01  -3.29838500e-02  -2.26655800e-02
  -2.34540500e-02  -1.59067100e-02   1.40530000e-04  -1.63598000e-02
  -2.59469900e-02  -1.56429100e-02  -3.09419800e-02  -3.05816300e-02
  -1.63956000e-02  -1.41798000e-02  -2.92914800e-02  -1.78945800e-02
  -1.79107800e-02  -2.48560100e-02  -2.02005500e-02  -1.85157400e-02
   1.08062210e-01  -2.79713400e-02  -1.52896900e-02  -4.42491000e-03
  -1.87241700e-02   1.97950000e-04  -1.55419400e-02  -1.86400100e-02
  -2.40206400e-02  -1.20932700e-02  -1.42732300e-02  -4.99105000e-03
  -2.16475700e-02  -3.08447000e-03  -1.18247700e-02  -1.63356200e-02
   1.20674000e-03  -2.08568500e-02  -2.45733200e-02  -1.98525400e-02
   5.97352000e-03   1.49133000e-03   7.34256600e-02  -3.54802000e-03
  -1.03302100e-02  -1.09397700e-02  -2.49488700e-02   6.11441500e-02
  -2.74822700e-02  -2.37639100e-02  -1.89668000e-02  -2.27144600e-02
  -2.20109200e-02  -1.02733200e-02   5.56115200e-02  -2.16797500e-02
  -2.01891600e-02  -1.37042100e-02  -1.09614600e-02  -1.24694700e-02
  -2.78012800e-02  -2.01057600e-02  -1.65161000e-02  -2.09030500e-02
  -5.24698000e-03  -7.45089000e-03  -2.22008200e-02  -2.99754000e-03
  -1.85819200e-02  -2.43332900e-02  -1.95996500e-02   8.59000000e-06
  -2.37926400e-02  -6.70280000e-03  -2.22119100e-02   4.25706600e-02
  -1.11586200e-02  -1.27585100e-02  -1.71765200e-02  -1.54945800e-02
  -1.68960400e-02  -1.98299600e-02  -1.93160100e-02  -3.97603000e-03
  -2.21604700e-02  -2.23307400e-02  -1.77020000e-02  -1.70004200e-02
  -2.29386300e-02  -1.53637300e-02  -7.90593000e-03  -1.38021900e-02
  -1.89527400e-02  -1.40575600e-02  -1.18217300e-02  -1.77924100e-02
  -1.43507100e-02  -1.80812500e-02  -1.65371300e-02  -1.44709100e-02]

Vetor Fiedler do grafo: 6
[ -9.16163800e-01   1.37979900e-02  -2.02671380e-01   2.45190000e-03
   6.77577700e-02   8.67673300e-02   2.18171300e-02  -6.93010000e-04
  -2.51077300e-02   2.97326600e-02   1.63184600e-02  -1.28999100e-01
   3.54542100e-02   3.61866100e-02   6.83413500e-02   1.42296000e-03
   2.60100000e-05   3.81251900e-02   5.42085400e-02   4.30806000e-02
   8.28740000e-03   8.53253000e-03  -2.34703600e-02   1.35599400e-02
   1.66584200e-02   3.42537400e-02   3.67277100e-02   5.12680500e-02
  -1.01379100e-02   8.34050000e-04   2.63183800e-02   8.61984000e-03
  -7.17660000e-04   5.93102600e-02   2.07441100e-02   1.40936800e-02
   2.92835400e-02   3.91241800e-02   4.20459000e-02   1.30588400e-02
  -1.76601100e-02   1.35541000e-02   3.41833500e-02   3.05040100e-02
   3.10518900e-02   1.80257400e-02   4.39607000e-03   1.50837900e-02
   3.00391400e-02  -7.29686900e-02   3.57990100e-02   1.00219400e-02
   2.11407900e-02   3.62177600e-02   1.91962000e-02   6.74928000e-03
   2.27513600e-02  -7.73600300e-02   2.88398800e-02   4.05431900e-02
   1.81429400e-02   2.88127000e-02   2.04141100e-02   8.58677000e-03
   3.99545600e-02   1.06861300e-02   5.79716000e-03  -4.54918000e-03
  -5.20399400e-02  -7.51850700e-02  -6.28774100e-02  -5.50721400e-02
   2.31538400e-02   4.11065000e-03   3.04585800e-02   5.33975600e-02
   2.86280000e-03   1.52559600e-02  -2.76246000e-03   2.07983600e-02
   9.85746000e-03   7.81046000e-03   2.81464000e-02  -2.41461000e-02
   9.10650000e-04  -1.05870800e-02   1.72263000e-02   2.71084000e-02
   3.13173700e-02  -2.85306000e-03  -5.98143000e-03   1.18662800e-02
   2.90096500e-02   2.30124800e-02  -6.21743200e-02   1.59976400e-02
  -4.42374200e-02   1.28376400e-02   1.51456800e-02   2.94300700e-02]

Vetor Fiedler do grafo: 7
[-0.627603   -0.32434644 -0.18188051 -0.00320619  0.02544256  0.24825601
  0.19567755  0.0101125   0.20431412 -0.10464821 -0.07317576 -0.01269571
 -0.26531198  0.06526538  0.01790527  0.12855675 -0.08439168 -0.05510658
  0.05238028 -0.01955008  0.03864761  0.07722335 -0.05713927  0.10586769
  0.11001352 -0.00642048 -0.03450165  0.02675278  0.00183109 -0.00807502
  0.04072055  0.04488251  0.04175513  0.06758089  0.04135725 -0.04067592
  0.0507373  -0.09262219 -0.0921547   0.02967815 -0.04682412  0.07032381
  0.08879994 -0.09526754  0.03730014  0.02347568 -0.01445982  0.05659351
 -0.08223732 -0.08812478  0.01194882 -0.02441144  0.10376425 -0.01683815
  0.00863624  0.01380767  0.04460874  0.01271338  0.04371007 -0.05096912
  0.03838262  0.03305477  0.04967878 -0.05503259  0.02286722  0.03657858
  0.05296781  0.0187782   0.01972396  0.01777562  0.03016171 -0.00624658
 -0.01389098  0.00385502  0.03655737  0.02669284  0.05543568  0.02421955
 -0.03777376 -0.07557623 -0.06231339  0.04832738 -0.08283554  0.03378586
  0.02691178  0.02238951 -0.01640985  0.0084352   0.01582169 -0.10600185
  0.01268391  0.07019613  0.03323172  0.02580032 -0.04098532  0.07532488
 -0.01023111 -0.02421919  0.03466981  0.01920561]

Vetor Fiedler do grafo: 8
[ -9.65598280e-01  -4.30775400e-02   1.40821100e-02   3.64317900e-02
   1.41959900e-02   3.14468700e-02   2.67888200e-02   3.91520000e-04
   3.20821200e-02   2.95395000e-03   1.41979600e-02   2.05702300e-02
   7.90278000e-03  -9.84462300e-02   1.27637900e-02   2.76080600e-02
   3.04835700e-02   2.16833600e-02   2.62199600e-02   1.75045700e-02
   2.69674500e-02   1.14023900e-02   2.27850300e-02   1.68788900e-02
   1.94432000e-03   3.28868300e-02   2.34292000e-02   1.00111400e-02
   1.31252100e-02   1.62895700e-02   2.15423000e-02   2.05520700e-02
   2.63231900e-02   1.53488000e-02   9.16666000e-03   2.77994000e-02
   1.74496700e-02   1.62884600e-02   1.03566400e-02   1.87576800e-02
   1.89283100e-02   2.61972700e-02   7.86699000e-03   3.29776000e-03
   2.81100600e-02  -7.50864400e-02   8.86350000e-03   1.73430500e-02
   2.46854900e-02  -7.11328700e-02   2.92420800e-02   1.45091600e-02
  -6.51210800e-02   1.40066300e-02   9.44306000e-03   1.53789000e-02
   1.03579300e-02   9.77814000e-03   2.70353000e-03   1.79344000e-02
  -6.44702400e-02   7.83746000e-03   2.51645300e-02   1.38127100e-02
   2.76165700e-02   2.12966400e-02   6.87117000e-03   2.63132000e-03
   2.21818600e-02   1.78457700e-02   2.30881100e-02   2.47763300e-02
   2.59074700e-02   1.41365800e-02   1.73397000e-02   2.81843700e-02
   1.12955100e-02   5.51329000e-03   1.95179400e-02   1.13995700e-02
   2.08690900e-02   6.50108000e-03   9.55828000e-03  -4.45930700e-02
   1.73569000e-02   1.08349200e-02   1.68481900e-02   6.95952000e-03
   1.48408000e-02   1.84837500e-02   1.07630500e-02  -4.17478400e-02
   1.25781400e-02   2.04132700e-02  -4.45892400e-02   8.19022000e-03
   1.36996400e-02   1.56172200e-02   1.40158300e-02   1.46573900e-02]

Vetor Fiedler do grafo: 9
[ 0.88221519 -0.07029539 -0.03862442  0.28939219 -0.05213006 -0.0700461
 -0.02372001  0.15580655 -0.04873798 -0.06850109 -0.03467442  0.10730745
 -0.01343689 -0.02267565 -0.03447538 -0.02120505 -0.03143467 -0.02299394
  0.11247958 -0.04804643 -0.02702055 -0.03673237 -0.00417078  0.00607376
  0.00292237 -0.01289844  0.00877567 -0.0166478  -0.01873386 -0.02758622
 -0.04096544 -0.04832588 -0.00903565 -0.02630378 -0.00742934 -0.0203923
 -0.02574253  0.01086108  0.00273268  0.01963978 -0.00502825 -0.02499979
 -0.03470761 -0.01759453 -0.01002496 -0.01181735 -0.03254829 -0.03522052
 -0.03265751 -0.02167918  0.01315007 -0.03051559 -0.04186134 -0.02760092
 -0.02691923  0.06687623 -0.01165724 -0.03257018 -0.0016521  -0.03233401
 -0.00567528 -0.00213901 -0.03643934 -0.00258444  0.06213654  0.05681113
 -0.04400278  0.04818574 -0.0191309  -0.0285923  -0.02237018 -0.00721936
 -0.02966542 -0.02637402  0.05033925 -0.02909802 -0.03379028 -0.00314232
  0.00332269  0.00561218 -0.0304415  -0.02799291 -0.03048013 -0.02507647
 -0.03435158 -0.0306501  -0.03695023 -0.01609738 -0.00994971  0.00479801
 -0.01576066 -0.01156052 -0.02706323  0.01670196  0.05376563  0.01106226
 -0.01317165 -0.02313289 -0.007985   -0.00570937]

Vetor Fiedler do grafo: 10
[  7.98910090e-01  -1.97995290e-01  -1.70931600e-02  -1.90361660e-01
   3.11445850e-01   7.81898900e-02  -1.35503760e-01  -1.34414840e-01
   1.28568000e-03  -5.74452000e-03  -2.25819900e-02  -1.92475900e-02
  -5.74227900e-02   2.14354000e-03  -4.86554000e-02  -3.11448100e-02
  -2.65641100e-02  -4.26467200e-02  -2.73719800e-02  -2.71195900e-02
   3.15981200e-02  -5.92913000e-02  -6.41309400e-02   2.46653000e-03
   9.70538300e-02  -2.05776700e-02  -5.09977800e-02   3.12800400e-02
  -4.16833900e-02   2.17633600e-02   1.63857000e-03  -2.60654300e-02
  -8.35930000e-04   1.12476040e-01   4.32742600e-02   1.50280200e-02
   9.63335900e-02  -2.32007800e-02   8.82200000e-05   2.49200100e-02
   1.80867400e-02  -3.76110500e-02   6.27776000e-03  -2.91814200e-02
  -3.85375700e-02  -1.69653600e-02  -4.23387500e-02  -3.09309600e-02
  -4.41582100e-02   4.93088000e-03   2.19514900e-02  -4.33262000e-02
  -3.67101400e-02   1.15016820e-01  -2.15636100e-02  -9.72328000e-03
  -2.93801400e-02   6.14109100e-02   8.75366300e-02  -4.24018800e-02
  -1.84592600e-02  -3.91017000e-02  -2.62401400e-02  -2.07614900e-02
  -1.25183100e-02  -9.20680000e-04  -2.56066900e-02  -9.22785000e-03
  -4.43999400e-02  -3.68341100e-02   7.50470500e-02  -8.83691000e-03
  -1.58826800e-02  -1.55839500e-02  -1.31080100e-02   6.73810000e-03
  -2.64312500e-02  -2.42259300e-02   3.54881700e-02   5.87534000e-03
  -3.70826600e-02  -2.84838900e-02  -5.42960100e-02   4.71172900e-02
  -3.40223200e-02   1.45334100e-02  -3.36025500e-02  -2.81631800e-02
   1.17609000e-03  -2.02200000e-02   1.51920000e-02  -1.56557600e-02
  -2.68726000e-03  -6.34621000e-03   7.77649700e-02   8.77910200e-02
  -3.58206700e-02  -3.40769100e-02   4.36915000e-03   5.87680000e-03]

