Vetor Fiedler do grafo: 1
[ 0.59049788  0.34449234 -0.4442222   0.20516018  0.09976207  0.12388529
 -0.19131689 -0.05599455 -0.18294373  0.16348565  0.13445798  0.02823698
  0.03249179 -0.09930804 -0.17550063 -0.10442067 -0.13393538  0.03799765
  0.02018681 -0.04091352 -0.10852785 -0.02509873  0.09379482 -0.02751843
 -0.00344992  0.00159412 -0.02584856 -0.0422051  -0.00917435 -0.10193444
 -0.01405805  0.02570515 -0.0980769   0.00377413 -0.12352213 -0.03527786
  0.1095345   0.01478019 -0.01349088  0.02690127]

Vetor Fiedler do grafo: 2
[-0.79309016 -0.3183731   0.1808049  -0.09220391  0.20139416  0.19602788
 -0.13484105  0.14760796  0.09125235  0.00404071 -0.04713934 -0.14738606
 -0.04470198  0.0391556  -0.04186187  0.06674417  0.05490187  0.05253496
  0.03933315 -0.0794431   0.11687356  0.08108604  0.01250172  0.02150178
 -0.02900106 -0.00168548 -0.03413745  0.0369842   0.05831094  0.07633639
  0.07104703  0.0176456   0.01526553  0.08256427  0.03540902  0.01298497
 -0.02773134  0.07306041 -0.01143993  0.01766666]

Vetor Fiedler do grafo: 3
[ 0.53296602  0.07724192 -0.20549368  0.17572029  0.17285068  0.17573291
 -0.33086589  0.11793413  0.04989934 -0.19416502  0.00346033 -0.32542017
 -0.02528388  0.03685299  0.06629042 -0.16319405 -0.19926807  0.23779785
  0.11981382  0.03568853 -0.11383027 -0.09424907 -0.06430426 -0.21980433
  0.115881    0.07611634  0.07638138 -0.01864234 -0.01124359 -0.0269447
 -0.11443911  0.10390767  0.01668375  0.09917462 -0.10111555 -0.08569366
 -0.05773253  0.05646029  0.04162136 -0.03678545]

Vetor Fiedler do grafo: 4
[-0.9025426  -0.20081352  0.15464795  0.06189994  0.08223809 -0.01582162
  0.08708418  0.04262795  0.12048032  0.11535454  0.04139723  0.08623378
 -0.07401254  0.09975847 -0.02798082 -0.03361576  0.06704522 -0.05666592
 -0.061918    0.02111     0.07431343 -0.0458251  -0.00597136  0.05119101
  0.06313355 -0.03297622 -0.02791024  0.04053078  0.03832205  0.02042817
  0.0175375   0.03390489 -0.02803055 -0.02327943  0.04075034 -0.01499307
  0.07260923  0.04511716  0.02717758  0.04746337]

Vetor Fiedler do grafo: 5
[-0.92113779 -0.1491952   0.05478075  0.0744033  -0.06953214  0.05782918
  0.06065382  0.06775646 -0.06465242  0.07821633  0.07817189  0.06859526
  0.0523518   0.06382517 -0.05527904 -0.08526228  0.04981068  0.05956936
 -0.03950556  0.08674309  0.0696652   0.04904941 -0.05444396  0.0538885
  0.06220653  0.07252766 -0.05037028  0.03552872  0.0411316  -0.03895611
 -0.03902922  0.06404048  0.0471369   0.07613972  0.0607673   0.04209429
  0.01113999 -0.02659065  0.03579572  0.02013553]

Vetor Fiedler do grafo: 6
[-0.74352536 -0.46880977  0.15390159  0.16202177 -0.05878769 -0.0779713
  0.05369173  0.12005631  0.11974376  0.02531011  0.01042065  0.09992542
  0.10923317  0.14201992  0.11860106 -0.02162192  0.03302266 -0.0290723
  0.07095801  0.04216096  0.08338275  0.09460124 -0.11070178  0.03611872
 -0.03598524 -0.01370636 -0.06942576  0.01305918  0.06560102  0.08425533
 -0.00377846  0.00923998 -0.07889282  0.02665269  0.07829043 -0.05963378
  0.00585256 -0.0145168   0.06640291 -0.03809461]

Vetor Fiedler do grafo: 7
[ 0.72901016  0.23076109  0.15281939 -0.37395873 -0.3016641  -0.07895495
 -0.0165391  -0.06235237  0.09123809 -0.15897821  0.1869251  -0.02259254
 -0.10812915 -0.01767367  0.05561768 -0.10420018 -0.0091909  -0.10181334
 -0.06254144 -0.02093633  0.00929783 -0.04858881 -0.04399459  0.05754332
 -0.00315965 -0.02363613 -0.0110301   0.09016106  0.02714086  0.04971758
 -0.02205302 -0.03701809  0.04333677  0.07316377 -0.04121443 -0.0575803
  0.03591072 -0.00336875 -0.06833907 -0.03313547]

Vetor Fiedler do grafo: 8
[-0.69346001 -0.50856548  0.23596142  0.21099036  0.08072437  0.08349411
 -0.11699454 -0.05145017 -0.04932497 -0.06836655  0.06059356  0.01128508
  0.13588915  0.11622101 -0.03714324  0.04537791  0.0437354   0.11083643
  0.07799893 -0.06446422  0.10527749  0.0488469   0.07454076  0.07237595
  0.03268259 -0.09526507  0.01107615  0.02446241  0.10046584  0.04174654
 -0.00715493  0.05186489  0.00339566 -0.02559819  0.06149068 -0.00559386
 -0.05066445 -0.0083819  -0.05338048 -0.00552553]

Vetor Fiedler do grafo: 9
[-0.78080622  0.17428273 -0.20409964 -0.29313654 -0.05965386  0.02182807
 -0.19662213 -0.01066123  0.15020338  0.07436816 -0.01935644  0.09527723
  0.18206694 -0.08662122  0.06212456  0.13029753  0.09111426  0.03021084
  0.03149154  0.1002458   0.09826736  0.11213352  0.02039604  0.10347966
  0.09056175 -0.03533659  0.05261576  0.09238155 -0.02114025  0.05300218
  0.03260946 -0.00623653 -0.01880581  0.00331765  0.02147008 -0.03286276
  0.06591241 -0.02666034 -0.05551134 -0.04214759]

Vetor Fiedler do grafo: 10
[ 0.88392333 -0.02517893  0.2567166  -0.16521801  0.11343731  0.06162339
 -0.05639433 -0.04585497 -0.07217476 -0.07486684  0.07509337 -0.02445882
 -0.06540521 -0.02047277 -0.07512437 -0.095754    0.05840344 -0.08201345
 -0.04275761 -0.07265568 -0.0615176   0.05494428 -0.05542975 -0.03085098
 -0.04521072 -0.03871943 -0.07954513 -0.04670563 -0.02162123 -0.08040024
  0.03578932 -0.06242041  0.02996368 -0.0162528   0.00222702 -0.08127801
 -0.07562083  0.015884    0.01640408  0.00949268]

Vetor Fiedler do grafo: 11
[ 0.75505998 -0.29325735  0.34727623 -0.20101533  0.07195027  0.14184203
 -0.08142549 -0.14811715 -0.12927324 -0.05677688  0.02554856  0.07939012
  0.02309979 -0.06702168  0.07599892  0.08591079  0.12755639 -0.06546582
  0.06608482 -0.06285287 -0.05413845  0.00977369 -0.01214907 -0.08962744
 -0.0541183  -0.06622451 -0.102641   -0.01731576  0.01252475 -0.01144402
 -0.08073691 -0.04494976 -0.0646769  -0.08077804 -0.04767859  0.05397728
  0.0010314  -0.02414512 -0.02002969 -0.00116566]

Vetor Fiedler do grafo: 12
[ 0.20376985 -0.80602367  0.19678197 -0.13944017  0.143127   -0.18502009
 -0.09621403 -0.03375493  0.04694591 -0.20878734 -0.02319038  0.03000244
  0.09094463  0.08417869  0.07533428 -0.0078157   0.07911318 -0.09594714
  0.0932256   0.12674507  0.12111795  0.11167903  0.03150427  0.04997255
  0.02760473 -0.04509306  0.10800839  0.10068537 -0.04913011 -0.0348066
  0.03789572 -0.06756287 -0.03361472  0.05344662  0.01080662 -0.04255556
 -0.03822314 -0.01169745  0.04785054  0.04813653]

Vetor Fiedler do grafo: 13
[-0.50319647  0.38763605 -0.63122195 -0.09815005  0.16870378  0.07832285
 -0.04188908  0.14136584 -0.03697359 -0.02858467  0.01299549 -0.00170922
  0.08704119 -0.08221708  0.09569778  0.15035515  0.03087634  0.13726754
 -0.00088557 -0.09202256 -0.03129906  0.00133735 -0.08870099  0.07813652
  0.05025308  0.11737463 -0.00959038 -0.01046986  0.09396579 -0.04946526
  0.0522023   0.05294458 -0.02966732 -0.02730835  0.04424038 -0.03310694
  0.02020873 -0.03575609  0.00375085  0.02753827]

Vetor Fiedler do grafo: 14
[-0.69100724  0.48233745 -0.20482463 -0.0904407   0.08126905  0.14263941
  0.220336    0.19825866 -0.03626997  0.02274715 -0.03905787  0.03120967
 -0.06263206 -0.13196178 -0.1239512   0.0880003   0.13257198 -0.01043696
 -0.04996471  0.01513249 -0.08127746 -0.00976562 -0.05808759 -0.07453817
 -0.05971172  0.04137315  0.03559734  0.08025883 -0.01671842  0.06275701
  0.0507382  -0.0432135  -0.00166153 -0.00879875  0.05896068  0.03751129
 -0.08365185  0.00906698  0.07974118  0.0074649 ]

Vetor Fiedler do grafo: 15
[  6.56689980e-01  -4.63595230e-01   4.64534830e-01   7.59749500e-02
  -7.07489500e-02  -1.18489770e-01  -3.76383100e-02  -1.33446540e-01
   9.26096000e-03   5.05617600e-02  -7.44145600e-02  -8.69063900e-02
  -1.61252000e-02  -5.43463500e-02  -2.25153800e-02  -6.47889000e-02
   2.96237000e-03  -7.73369800e-02  -6.95102500e-02   3.77114300e-02
  -1.19812960e-01  -2.35075200e-02   4.58327600e-02  -9.19140500e-02
  -6.19876700e-02   5.18370000e-04   9.07244300e-02   2.64904100e-02
   2.58062300e-02  -3.04289700e-02   3.02675000e-03  -1.91701000e-03
  -3.42611300e-02   4.16999700e-02   8.12633900e-02   7.25847600e-02
   6.82079000e-03  -4.55378100e-02   2.93064700e-02  -2.25407000e-02]

Vetor Fiedler do grafo: 16
[ -6.75652110e-01   3.02461080e-01  -4.07315300e-01   1.23113260e-01
   1.83125780e-01   8.03694800e-02   1.59453870e-01   2.80251300e-02
   1.64198850e-01  -3.77293300e-02   1.30700500e-01   9.61816500e-02
   7.12226800e-02  -1.93915330e-01  -1.06601340e-01   1.36168440e-01
  -6.83525200e-02   4.24900600e-02  -1.00314850e-01  -2.84629000e-03
  -4.69438000e-03   5.26971000e-02  -1.08299200e-02   1.19697700e-02
   3.96165500e-02  -4.37110000e-04  -1.21750940e-01   1.06131000e-02
   9.70856000e-03   3.21800100e-02  -8.71618300e-02  -4.75611600e-02
   5.47748300e-02   7.81852000e-03  -1.40408200e-02   1.10634660e-01
   2.81497300e-02   7.57937200e-02   1.72263300e-02  -8.94904200e-02]

Vetor Fiedler do grafo: 17
[-0.69653767 -0.04696902  0.31581656 -0.36269922  0.14673795 -0.10016981
  0.14959626 -0.21156097  0.07439238 -0.01009271  0.09187586  0.14291405
  0.10177273 -0.04031395 -0.02450819 -0.14859054  0.0936615   0.15180501
 -0.07960714  0.1012474  -0.03758465  0.12064347  0.01609948  0.07189426
  0.07047271  0.05541963  0.02945091  0.05550146  0.04857947  0.03612953
 -0.07446654 -0.02421085  0.0315984  -0.00726963  0.08870842 -0.03165657
 -0.09815463 -0.03043874  0.03692016 -0.00640678]

Vetor Fiedler do grafo: 18
[  5.99103870e-01  -4.81844250e-01  -3.14359480e-01   1.86476150e-01
   2.72765550e-01   2.44189000e-02  -1.86326300e-02   1.98264920e-01
  -1.88805010e-01  -4.90697600e-02  -1.37003120e-01  -6.48529200e-02
  -3.64308000e-02   3.62928500e-02  -3.10610000e-04   1.33160330e-01
  -8.12240400e-02   2.18260800e-02   1.19986140e-01   8.07357700e-02
  -2.83213100e-02  -2.20676300e-02   7.67886600e-02  -3.36852000e-03
   8.12017100e-02   4.26004000e-03  -9.30284200e-02   1.16954500e-02
  -1.79685000e-03  -3.50690800e-02  -1.43967000e-02  -7.48355400e-02
   5.10514000e-03  -3.34992000e-03  -7.93802400e-02   6.02309000e-03
  -6.89319800e-02  -9.26765800e-02   4.22775600e-02  -1.06267900e-02]

Vetor Fiedler do grafo: 19
[-0.00733955  0.32604681  0.54615269 -0.04878596 -0.22423191  0.24246782
 -0.09703953 -0.10515204  0.31379241 -0.17329633  0.09212378 -0.16717329
 -0.20152629 -0.12736965  0.21651165 -0.08522288 -0.11578225 -0.02419274
 -0.01051436 -0.15310023 -0.16043518 -0.11155241 -0.13331481 -0.05469092
 -0.0699453   0.0260368   0.10179044  0.17951558 -0.02731704  0.02998314
 -0.1120237  -0.00149626  0.03155944  0.02073579  0.00740074  0.15212522
 -0.01399422  0.01676301 -0.02173236 -0.05577609]

Vetor Fiedler do grafo: 20
[ 0.15465938 -0.51134526 -0.4197663   0.32422793  0.21070508 -0.1055404
 -0.28259553 -0.0200163   0.25778208  0.27672126  0.1615192   0.01355715
 -0.03986655 -0.0494405  -0.00283458  0.04720982 -0.0227184   0.05524616
  0.12842473  0.09769143  0.12760926  0.06204412 -0.07125608 -0.13090154
 -0.05883753  0.02707555 -0.07210058 -0.00110841  0.0585059  -0.10279979
 -0.10223764 -0.07971922 -0.02128301  0.05716299  0.02539076  0.05879864
 -0.01072035  0.01094302 -0.04014343 -0.01004305]

Vetor Fiedler do grafo: 21
[-0.7455741   0.43466057  0.2198812   0.15403876  0.08476674  0.1622689
  0.00951521  0.05568155 -0.04784463  0.0643186  -0.10824549  0.07782808
  0.13056028  0.02773775 -0.00692162 -0.13458128  0.088902    0.06325393
 -0.04318617 -0.07986692 -0.0063415   0.01633559  0.01724513 -0.07514112
  0.0361537  -0.04559976 -0.02276653 -0.07480347 -0.09426706  0.01147682
 -0.10847195 -0.03962247  0.0390978  -0.11722656 -0.04022423  0.03659523
  0.056869    0.05284607  0.01071493 -0.060063  ]

Vetor Fiedler do grafo: 22
[ 0.52642461  0.08295153 -0.07880643 -0.28255537 -0.33164006 -0.05618176
 -0.18273384 -0.26120574  0.29093732  0.05345984  0.14108663  0.25325831
  0.16778116 -0.1345896  -0.06182962  0.04384932  0.22655503 -0.18843131
 -0.05484408 -0.00492364  0.05763031  0.11695354  0.13853238 -0.04796227
 -0.08626527 -0.13380693 -0.03722397 -0.06088017  0.0394235  -0.0986442
  0.06944126 -0.06605928  0.04022181  0.02750081 -0.00203992  0.0048428
  0.00674153  0.00299381 -0.02316166 -0.09680038]

Vetor Fiedler do grafo: 23
[-0.9378539   0.06164747  0.03760842  0.03434212 -0.06172216 -0.09752253
  0.02949663 -0.06130315  0.05950363  0.07428278  0.09072891  0.07681392
  0.0773047   0.02919249  0.09776929  0.0534336  -0.06381847  0.05206376
 -0.03614747 -0.05191753  0.05057965 -0.04096627 -0.05526025  0.04988904
  0.0207305   0.06028279  0.05468617  0.05502909  0.04553017 -0.04580064
  0.0465443   0.02993174  0.03289838  0.07301987  0.04829819  0.04690911
  0.00135827 -0.02614076  0.05474788  0.03383025]

Vetor Fiedler do grafo: 24
[ 0.75538296  0.23395553 -0.24400605  0.28273865 -0.10157397 -0.05529914
 -0.10724606  0.10756301  0.1434788  -0.12024303 -0.08279051  0.00462783
 -0.13661059 -0.02325513 -0.03152807 -0.1579724  -0.0090431  -0.16920677
 -0.06831015  0.08695249 -0.02089264 -0.10089641 -0.07218087 -0.10824303
  0.08348526 -0.08641244 -0.07841392 -0.0904451  -0.02368211  0.04384791
 -0.00378475  0.02330927  0.01349267  0.06292156  0.04134943 -0.03637924
  0.02314715  0.05203262 -0.03087238  0.00100269]

Vetor Fiedler do grafo: 25
[  9.05702200e-01  -1.27543850e-01  -5.90604900e-02   1.62492380e-01
  -7.53616900e-02  -1.12740450e-01  -1.20030700e-01  -9.70759900e-02
  -7.81181200e-02  -4.85228700e-02   8.92720000e-04  -4.22290700e-02
   8.94331200e-02  -2.33431000e-03  -4.67103400e-02  -1.52748100e-02
  -3.13992000e-02   5.71953400e-02  -6.85115700e-02   8.86417400e-02
  -5.81495000e-02  -4.82001600e-02  -5.55629900e-02  -4.76480400e-02
   5.81774000e-02   5.42863800e-02  -1.00999150e-01  -7.60691500e-02
   5.52147400e-02  -4.38458900e-02  -5.57041800e-02  -6.36839700e-02
  -1.08823700e-02  -3.22688900e-02  -3.22697000e-03  -5.80654100e-02
   1.15728300e-02   3.89065600e-02   4.48896700e-02   1.18150800e-02]

Vetor Fiedler do grafo: 26
[ 0.89385401 -0.09344838 -0.04098906  0.16697203 -0.13555692 -0.10494506
 -0.02571528  0.09680993 -0.0726026  -0.08013819 -0.04395875 -0.06595852
  0.03052301 -0.02728457  0.07352884 -0.12411654  0.07068352 -0.07711259
  0.10056692  0.00669465 -0.06750471 -0.05064866 -0.07276514  0.03395531
 -0.04494418 -0.08641663  0.07231549  0.04902111 -0.02052328 -0.0668608
 -0.04729607 -0.03950405  0.04733229 -0.0632557  -0.02660367 -0.05277653
 -0.06338168 -0.06785354  0.05360864 -0.03370467]

Vetor Fiedler do grafo: 27
[-0.76011689  0.33403178 -0.01516601  0.09864545  0.10690887 -0.09039367
  0.25358703 -0.14297576 -0.15049412 -0.0370317   0.1622638  -0.00425654
 -0.15104902 -0.09874151  0.01174889 -0.05700428  0.13292893 -0.0144811
  0.13703552 -0.01749011 -0.04856144 -0.07023264 -0.0530165   0.02457493
 -0.09796056  0.10497351 -0.01847036  0.08638072  0.02284653 -0.05394991
  0.06920077 -0.01761922  0.03028898  0.08781841 -0.01075881  0.05553189
  0.0716069   0.08781671  0.0051306   0.02644993]

Vetor Fiedler do grafo: 28
[-0.21828957  0.76098545 -0.1902355   0.23111821 -0.14683869 -0.0369253
 -0.10934535  0.27095277 -0.0482258   0.21959444 -0.13022763 -0.02132901
 -0.05162386 -0.10101003 -0.07320508  0.11887565 -0.14333859 -0.07539133
 -0.03944387 -0.07566274  0.05087173  0.06310194  0.04879065  0.01526671
  0.00569854 -0.0370758   0.01434327 -0.06104885 -0.06854755  0.05561438
 -0.07142543 -0.03788969 -0.03042498 -0.06425603  0.02671424 -0.01326582
 -0.00880848  0.05364905 -0.05545289 -0.02628916]

Vetor Fiedler do grafo: 29
[ 0.94695097 -0.04650895 -0.06873057 -0.01985728 -0.0537853  -0.0947826
 -0.09199156  0.09528762 -0.05288187 -0.05935164 -0.04378167 -0.07654805
 -0.06708712 -0.01203566 -0.05229355 -0.03033273 -0.03871856 -0.01957862
 -0.04714105 -0.07252301 -0.06012092 -0.05179688 -0.05172181 -0.05929715
 -0.01213001 -0.02952552  0.03630056  0.05134195  0.02938704  0.03687414
  0.04410145  0.05793321 -0.03185355 -0.02932633  0.04761431 -0.02782277
  0.02423399 -0.04208974 -0.0464795   0.02006874]

Vetor Fiedler do grafo: 30
[-0.84362357  0.3070843   0.08123858  0.00879544 -0.00459034  0.09145795
 -0.18697828  0.07380409  0.14510125 -0.11093683  0.11359783  0.03331941
  0.08992458 -0.07867783  0.10864457  0.0247447  -0.05262764 -0.08231669
  0.03781259  0.02079534 -0.0500904   0.0780547   0.06637912 -0.04664515
  0.04450139  0.02152047 -0.04511016  0.01861647 -0.01465074 -0.04025091
  0.04321404  0.0508429  -0.09182259  0.08536002  0.05293194  0.07463995
  0.01876837 -0.03269821  0.01935009 -0.02948075]

