Vetor Fiedler do grafo: 1
[ -8.33713690e-01  -2.92310620e-01   9.44613500e-02   1.87102130e-01
   1.01015460e-01   3.77082000e-02   3.74219000e-03   2.05132300e-02
  -6.78209000e-03   1.07167990e-01  -1.72591420e-01   1.35447700e-02
   6.89169700e-02   1.13206560e-01   7.61256500e-02   4.83479600e-02
   1.36207900e-02   1.59978300e-02   4.63336400e-02   3.53724800e-02
   6.30861000e-03   8.76362600e-02   7.33300800e-02   1.04368840e-01
   7.10603700e-02  -1.30896730e-01   7.72490400e-02   4.30952500e-02
  -2.72463000e-03   5.83786600e-02  -1.18322900e-02  -9.92762800e-02
  -3.87805500e-02  -1.20397160e-01   2.03850000e-04   3.46175300e-02
   4.92110700e-02   2.26510000e-02   5.60634100e-02   4.19542400e-02]

Vetor Fiedler do grafo: 2
[-0.46254796 -0.34947438 -0.05207277  0.09825148  0.451087   -0.04934017
 -0.03124211  0.03308502  0.0509318   0.26528139  0.15939168  0.20678603
 -0.23113138  0.08215296  0.05811638 -0.10213203 -0.10196674  0.19836488
  0.00259907 -0.06583982  0.13944016  0.14953949 -0.00493702 -0.1269375
 -0.03500994  0.06332561 -0.18970107  0.05520687 -0.006163   -0.09790921
 -0.02793796 -0.01639378  0.1397563   0.06200682 -0.09630863 -0.12246691
  0.07431202 -0.04136969  0.0024247  -0.0811776 ]

Vetor Fiedler do grafo: 3
[-0.52093736 -0.46742105  0.00316843  0.21161942  0.21844852  0.02093465
  0.23839355 -0.17458685 -0.33412379  0.03169423  0.05959461  0.01490482
 -0.13781262  0.13370757  0.05811246 -0.11693336  0.0624228   0.11203903
  0.12982126 -0.07691744  0.13089419  0.11364743 -0.0551485   0.03650487
  0.13821586  0.0879549  -0.01723295 -0.179971    0.03993683 -0.02662549
  0.07423326  0.09653569  0.01349835 -0.05123969 -0.01016762  0.06459751
  0.00965254  0.0253666   0.03718253  0.00603581]

Vetor Fiedler do grafo: 4
[ 0.24632512 -0.5824014   0.09961046 -0.09956643 -0.1042202   0.31846194
  0.08708738  0.30315495  0.12043216 -0.17322043  0.23040018 -0.11849049
 -0.2705835   0.14850197 -0.02514741  0.0654942  -0.16974456 -0.05394868
  0.00373773 -0.07171788 -0.10150283 -0.15183529  0.05294502  0.05682501
  0.13354673  0.02408752 -0.03045519 -0.08877856  0.11447443 -0.14204969
  0.00359677  0.05173974  0.06105855  0.01745178  0.0202349  -0.05219373
 -0.02345921 -0.02752819  0.04631223  0.08136488]

Vetor Fiedler do grafo: 5
[ 0.57315123 -0.04848128  0.52687332 -0.20553048 -0.05956036  0.16146074
 -0.10136111 -0.010248    0.10910225 -0.21616237 -0.22185847 -0.11259942
  0.26595336 -0.06153137 -0.05694714 -0.14358569 -0.07432611 -0.05243545
 -0.09809159  0.09830233  0.05780662 -0.09806728  0.09137192  0.04874986
  0.03216022 -0.05807408 -0.04633194 -0.0739334  -0.05680416 -0.01761941
 -0.01165018 -0.05781835  0.0089663   0.04452399  0.05161541 -0.00166156
 -0.09461252  0.01318523 -0.07284253 -0.03108853]

Vetor Fiedler do grafo: 6
[ 0.69569675 -0.28733587  0.43007952 -0.00339519 -0.19450906 -0.04699155
 -0.08155301 -0.04101177 -0.08737502  0.17343728 -0.08482635  0.0235558
 -0.06851449 -0.08047399  0.0319077   0.12562827  0.02691581 -0.1027657
  0.08111919 -0.14266009  0.06542073 -0.02314025 -0.07902597  0.1185449
 -0.04300713 -0.12774006  0.0707015  -0.10568528 -0.0866236  -0.02508805
 -0.0725556  -0.01812168 -0.06661167 -0.00590946  0.07059785 -0.05523978
  0.03985698 -0.02674421  0.01662359 -0.01318103]

Vetor Fiedler do grafo: 7
[ 0.78656533 -0.23390492 -0.16951765  0.3200171  -0.17417989 -0.07161798
 -0.07214275  0.0600127   0.19976846  0.01716832  0.02916949 -0.1675683
 -0.08243508  0.00105078 -0.05667267 -0.07918643  0.07712999  0.11537112
 -0.05168867  0.02810092 -0.0814113  -0.01349577  0.0825441  -0.04730308
 -0.05038596 -0.02613816 -0.07052403 -0.03085869 -0.00204906 -0.01918278
 -0.03642278 -0.02423439 -0.05560208 -0.05126346 -0.02187895 -0.05804455
 -0.04756026 -0.00838185  0.03656743  0.05018573]

Vetor Fiedler do grafo: 8
[ -7.27362240e-01   4.79082000e-03   4.35789500e-02  -2.93416610e-01
  -8.93466700e-02   1.25747310e-01   2.92492910e-01   1.50742880e-01
   1.79381080e-01   8.11083400e-02  -1.94569490e-01  -4.83328600e-02
   1.05402500e-01  -6.55490000e-04  -6.98693800e-02  -6.06913500e-02
   1.01184270e-01   1.87844790e-01   6.51138100e-02   1.58391630e-01
  -1.21753130e-01   7.05424300e-02   7.73012500e-02  -5.07445100e-02
   1.11096010e-01   2.00204500e-02  -6.43525800e-02  -4.31697000e-03
   2.97826600e-02  -3.72287000e-03   8.24781000e-03  -1.08681210e-01
   8.98988000e-03   6.74041300e-02   2.20577300e-02  -7.65668600e-02
   1.26201500e-02  -3.20908000e-03   6.08485800e-02  -6.70990400e-02]

Vetor Fiedler do grafo: 9
[ 0.27810843 -0.55745551 -0.60425112  0.18772226  0.10320773  0.05789024
 -0.04983397 -0.02359687  0.14524624 -0.01249168  0.18254549 -0.00149989
  0.21780134 -0.12721357  0.01780907  0.0556258   0.14523026 -0.01239345
 -0.1007942  -0.00248752  0.03421791  0.09928253 -0.01589709 -0.00552205
  0.03607549 -0.02166437  0.01109909  0.02832446  0.05046824 -0.04700558
 -0.01420272 -0.02855591 -0.10804994  0.01305028  0.00910181 -0.05061143
  0.01790541 -0.01751583  0.07084135  0.03948927]

Vetor Fiedler do grafo: 10
[ 0.32583905 -0.57426524  0.00822124  0.13265869 -0.39082381 -0.19620093
  0.04393695 -0.15353605  0.00639866  0.26397868 -0.02069767 -0.02421933
  0.02532638  0.09347829 -0.05180413  0.05031499 -0.00746255  0.13815724
 -0.0439796  -0.03043664  0.08702942 -0.09968386  0.10201104  0.12023311
  0.1624565   0.05686127  0.13340663 -0.07917609 -0.10082242  0.01609549
  0.0092751   0.17484265  0.10543829 -0.12981003  0.14789069 -0.12241108
 -0.12665771 -0.0569233  -0.02024227  0.02530235]

