Vetor Fiedler do grafo: 1
[ 0.49024522  0.58781591  0.32759079  0.34034545  0.02115857 -0.09751977
 -0.14779686  0.07331073 -0.02767472  0.0595816  -0.06824491 -0.04429488
 -0.02803668 -0.0984294  -0.05293403 -0.09507256  0.04978212  0.08389113
 -0.0156491  -0.05234629 -0.00219026 -0.04431258 -0.01405711  0.03168809
 -0.05896823 -0.04973848  0.00643299 -0.05206758 -0.03877207 -0.06085444
 -0.0493682  -0.06906666 -0.05379253  0.02779082  0.0300754  -0.07359572
 -0.03040329 -0.04686846 -0.04560537 -0.05033381  0.10477752 -0.06889556
 -0.00294249  0.01394396 -0.06170205 -0.02177668  0.0077654  -0.068037
 -0.07843202 -0.05865029 -0.05352733 -0.02638062 -0.0140728  -0.04576824
  0.03439909  0.01941877 -0.04102548  0.07332446 -0.02416718 -0.0409201
 -0.02961421 -0.04818524  0.00157915 -0.01870883 -0.02228781 -0.04634937
 -0.04032079 -0.00623265  0.00571258 -0.02667555 -0.00733601 -0.0342625
  0.02318539  0.03411732 -0.00925604 -0.02390425 -0.01860347 -0.02089131
  0.01801966 -0.03903227]

Vetor Fiedler do grafo: 2
[ -7.67069510e-01  -4.89032830e-01   1.52304370e-01   3.28797900e-02
  -1.09741190e-01   9.40593300e-02   8.31492600e-02   8.28180300e-02
   5.00370300e-02   6.69219000e-02   3.43220000e-03  -8.80944600e-02
   4.01281800e-02   5.86550800e-02   4.01893800e-02  -7.92047700e-02
   3.13913500e-02   4.31793300e-02  -8.01485400e-02   3.04545300e-02
   5.61921300e-02   3.26662400e-02   2.58930900e-02  -1.15919000e-03
  -8.43932000e-02   7.33451000e-03   7.74389300e-02   5.39036900e-02
   3.03311500e-02   3.64931800e-02   2.29482900e-02   3.32647200e-02
   3.26514200e-02   1.33988500e-02   4.80378600e-02  -7.76449800e-02
   3.45314000e-03   1.11950000e-04   3.18101400e-02   5.72509900e-02
   2.18711500e-02   2.35918400e-02  -7.74141700e-02   1.23119000e-03
   3.14992200e-02  -1.31989400e-02   3.76311200e-02  -4.00088100e-02
   1.62131000e-03   3.32753300e-02  -1.16224300e-02  -2.90379300e-02
   6.83760000e-03   4.37227000e-03   4.47224800e-02   8.65793000e-03
   2.42063500e-02   2.89130800e-02   3.58536600e-02   6.79716000e-03
   4.81343300e-02   2.22358500e-02   3.82771800e-02  -2.92932500e-02
   2.57714000e-02   4.38960700e-02   4.58852400e-02   3.24993800e-02
   4.87563200e-02   3.57682200e-02  -1.32128000e-02  -1.39204700e-02
   1.33408400e-02   1.03127100e-02  -3.03488200e-02  -3.46955700e-02
   2.34757500e-02   6.08639000e-03   1.45291700e-02  -2.35887000e-02]

Vetor Fiedler do grafo: 3
[  8.43260270e-01   3.12769560e-01  -4.80102600e-02   1.83849600e-02
  -3.60984600e-02  -2.51992600e-02   1.28081530e-01  -1.65994600e-02
  -7.60099100e-02  -8.50248000e-03  -8.19611000e-02  -4.83218200e-02
  -3.05906300e-02  -5.86684100e-02  -7.01940800e-02   1.07171400e-02
  -3.88601200e-02  -6.99858800e-02   1.71644000e-03   2.62493000e-03
  -4.34174900e-02  -3.82886400e-02  -5.64020200e-02  -4.34121600e-02
  -5.30178800e-02  -3.57153500e-02   1.22196890e-01  -4.77569700e-02
  -5.83080900e-02  -4.99624900e-02   9.66564900e-02  -1.70231200e-02
   1.52672260e-01  -2.06341800e-02  -9.89907000e-03  -6.83477700e-02
  -5.51530000e-02   1.03893580e-01  -2.71728600e-02  -3.60032200e-02
  -3.11351100e-02  -1.41385400e-02  -4.31300600e-02   7.39919400e-02
  -6.22058200e-02  -6.39144500e-02  -4.00215200e-02  -1.38305400e-02
  -3.75541500e-02  -1.34413100e-02  -2.42348000e-03   6.51370700e-02
   2.96580000e-04   3.03818500e-02   5.61768600e-02   7.64526500e-02
  -4.73638000e-02  -2.93239500e-02  -1.45535800e-02  -3.62449300e-02
  -1.58179800e-02  -2.71631900e-02  -1.04098200e-02  -1.69395100e-02
  -3.57205500e-02  -1.28543000e-03   7.88933000e-03  -1.55930500e-02
  -1.45387600e-02  -9.49726000e-03  -4.59858900e-02  -2.99546800e-02
  -3.08552000e-02  -2.61138800e-02  -2.63378600e-02  -1.82355000e-03
  -4.04070000e-02  -2.51360000e-03  -1.45609200e-02  -1.89847900e-02]

Vetor Fiedler do grafo: 4
[ 0.95464348 -0.0435141   0.16134204 -0.0436804  -0.03457327 -0.03857775
 -0.03631418 -0.03575383 -0.04027271 -0.00668649 -0.03045674 -0.0348467
 -0.02690435 -0.02589224 -0.02199366  0.00257084  0.07251726 -0.02725519
 -0.02109096 -0.03021425 -0.01890309 -0.0171683  -0.01496505 -0.01594363
 -0.00837207 -0.00961666 -0.00988556 -0.02139289 -0.01835353 -0.01679516
 -0.02054118 -0.01795952 -0.02865527 -0.02403353 -0.02499848  0.06820349
  0.06256602 -0.0280576  -0.02462339  0.05548811 -0.03151236 -0.02320036
 -0.02340254 -0.00291928  0.05280525 -0.01972831 -0.0217607  -0.02182397
 -0.01867755 -0.01717928 -0.00889259 -0.00746349 -0.00633952 -0.00719995
  0.05205753 -0.02722433 -0.01741914 -0.00995349 -0.01852091 -0.00197251
 -0.02654779 -0.01743198 -0.01893728 -0.0259636   0.03719652 -0.01649999
 -0.02663726 -0.02200051 -0.01919849 -0.02616357 -0.02213884 -0.02764049
 -0.02120652 -0.02735617 -0.01835531 -0.0167825  -0.02509893 -0.02834969
 -0.01946261 -0.01013698]

Vetor Fiedler do grafo: 5
[  6.56945470e-01  -3.05950440e-01   4.11457320e-01  -2.08604900e-02
   2.99442480e-01  -9.01853100e-02  -9.35306000e-02  -1.57627600e-01
   8.31081900e-02  -2.68323100e-02  -4.46974400e-02   2.14261200e-02
  -7.39100900e-02   5.73076900e-02  -6.40914000e-02   1.07935100e-01
  -9.99690600e-02  -6.21144000e-02   6.03742200e-02  -5.11916600e-02
   5.74427000e-02   5.75336600e-02   7.84789600e-02   3.92987200e-02
  -4.61173500e-02  -2.75205800e-02   3.14873400e-02   4.54214500e-02
  -3.91840000e-03  -2.50650200e-02   8.30750000e-03   5.13303500e-02
  -3.43076000e-02  -6.11706400e-02  -7.71311900e-02  -1.10263200e-02
   1.11537870e-01  -9.85359100e-02  -4.00952100e-02  -4.39593400e-02
  -9.09471100e-02  -2.81746000e-03  -2.30563600e-02  -5.69793200e-02
   1.68854300e-02   4.18564100e-02   1.71867800e-02   3.40158100e-02
  -4.66051400e-02   3.64344300e-02  -4.20974800e-02  -3.10977700e-02
  -3.95364100e-02  -1.77019500e-02   2.18908800e-02   9.09744000e-03
   5.98820000e-04   1.35406800e-02  -3.08928000e-02  -7.07049000e-02
  -3.05731400e-02  -2.53646400e-02  -1.66761900e-02  -5.43913000e-03
   4.46081700e-02  -6.19889400e-02  -3.03125900e-02  -4.53199900e-02
  -5.16663400e-02  -3.68598900e-02  -4.20799400e-02   7.33152700e-02
  -1.14313600e-02  -1.31732900e-02  -3.79935800e-02  -3.75751500e-02
  -2.29032500e-02  -4.28203300e-02   3.04878700e-02   5.66967000e-03]

Vetor Fiedler do grafo: 6
[-0.48232621  0.37277247 -0.40493794  0.27091285  0.26533782  0.06198538
  0.18244338  0.01544431 -0.18462018 -0.08723971  0.00124838 -0.1691948
  0.00559995 -0.09735413  0.01920617 -0.09469152  0.0252577   0.02235097
  0.05370376 -0.01026855  0.0912501  -0.05234555 -0.02585537  0.13803334
 -0.03104013 -0.09170651  0.07929609 -0.099734    0.01772559 -0.09032027
  0.04506646 -0.00242375  0.13982426  0.01253778 -0.10555394  0.03526921
 -0.05588761  0.01561399  0.03348647 -0.02104675  0.00117462  0.05602567
 -0.13289042 -0.04388922 -0.00672405  0.00160205 -0.01947544 -0.03870178
  0.07655764 -0.00864005 -0.03724507 -0.09446431  0.04560534  0.02338628
  0.02575711  0.01904705  0.07542373 -0.00128638  0.08147834  0.05864281
 -0.06802705 -0.0247984  -0.00420167  0.002042   -0.03242132  0.02327059
  0.02780403  0.01418765 -0.00896394 -0.00068543  0.08574203  0.04418707
  0.0454765  -0.02290384  0.02684411  0.00774825 -0.00193335 -0.04093301
  0.0579438  -0.00958145]

Vetor Fiedler do grafo: 7
[  7.08642530e-01  -1.62293820e-01   3.39134960e-01   6.68960400e-02
  -9.73608300e-02  -1.55004620e-01  -1.06557320e-01  -2.15954650e-01
  -1.93830000e-03   1.50392580e-01   1.34835140e-01   2.83350500e-02
   1.06518350e-01   1.27429260e-01  -7.68825500e-02  -8.14442800e-02
  -9.01004400e-02   9.51815600e-02  -1.18221820e-01   9.14604000e-03
  -6.27811700e-02   9.39345300e-02   1.33438600e-01  -7.67914500e-02
  -6.46673800e-02   7.75773600e-02   7.87806000e-03  -7.92302100e-02
   9.65698000e-03   2.68985100e-02   1.85091300e-02  -8.69357500e-02
  -1.21221800e-02  -7.78780000e-03  -8.80823400e-02  -1.46567200e-02
  -7.87952300e-02  -6.37961000e-03  -1.20332800e-02   1.14191130e-01
  -5.48257700e-02   4.38952600e-02  -2.29303300e-02  -4.04454400e-02
   1.56418700e-02  -3.12770800e-02  -5.66726200e-02   1.14641200e-02
  -2.04340700e-02  -1.79205800e-02   4.09953600e-02  -2.44867400e-02
   3.65864400e-02  -6.00911600e-02   2.88566000e-02  -1.34232900e-02
   3.95098000e-03  -3.17542600e-02  -8.03429300e-02  -4.31258400e-02
  -4.88797200e-02   2.02885400e-02  -1.25089600e-02  -7.52208600e-02
  -1.91090900e-02  -1.85971000e-03  -4.64935000e-03   7.45330200e-02
  -4.69200000e-03  -2.81349400e-02   5.05805400e-02  -3.27956100e-02
  -4.01234500e-02  -4.20886500e-02  -6.19658100e-02   3.52240000e-04
  -7.25867000e-03   2.90440200e-02  -3.29230900e-02   1.17697000e-03]

Vetor Fiedler do grafo: 8
[-0.18858691  0.73949572  0.44067641  0.05596993 -0.16940138 -0.09604613
 -0.08793595 -0.08771919 -0.07384427 -0.04105528 -0.06776644  0.05640618
 -0.06366615 -0.03427211 -0.05465342 -0.01254191 -0.0072612   0.10566031
  0.09841251 -0.08843029 -0.00474184 -0.06107987 -0.0299335  -0.01462032
  0.0138472  -0.02094426 -0.07708329  0.04355123 -0.0647275  -0.0633167
  0.09165683 -0.0256524  -0.04767724 -0.05433352  0.05260605  0.0569978
 -0.04745892 -0.02519338  0.01544309 -0.06702063 -0.04714138 -0.03693525
  0.02201922  0.07993506 -0.03662166  0.10764501 -0.02727316 -0.03365164
 -0.01216843  0.02452112 -0.02043025 -0.08251247 -0.00983428 -0.02179975
 -0.01293749  0.09868352 -0.00645444 -0.04213368  0.00777633 -0.0568694
 -0.02628816  0.02834025 -0.01597876 -0.00202483 -0.01751099  0.05181591
 -0.03092193 -0.00655096  0.03982598  0.03697995 -0.00362909 -0.00735523
  0.04970251 -0.03235036 -0.01229298  0.03628703 -0.03795691 -0.0089119
  0.00724595 -0.0360017 ]

Vetor Fiedler do grafo: 9
[-0.54091072 -0.40157091 -0.44376472  0.16579178  0.1307695   0.02169532
  0.14807544  0.09039062  0.15855909  0.08570201  0.1285493   0.09551857
  0.05602139 -0.18672878 -0.04331064  0.04943558 -0.01250139  0.06049323
  0.00782315 -0.08573761  0.07566277  0.08379034 -0.02384783 -0.05590319
 -0.02956248  0.06082631  0.04222719  0.04760383 -0.08556147  0.00187564
  0.09949353  0.05439118  0.06014375  0.03701259  0.06834792  0.02465014
  0.10759672 -0.13800451  0.04926915 -0.06227511  0.04830288 -0.02073585
 -0.05247448 -0.04428565  0.00193875  0.02004194  0.0227624  -0.00383185
  0.00897545  0.04439873  0.02292413  0.02228687 -0.08887392  0.04166017
 -0.03032849 -0.04078019  0.02374941 -0.05263485 -0.03755911  0.03912368
  0.04175812  0.03320856 -0.11691736 -0.03026765  0.00115668 -0.01657134
 -0.03742772  0.06188739  0.05272783  0.01430062  0.05385031 -0.02618713
 -0.00944151  0.06614512  0.04844018 -0.01137736  0.0378575  -0.03319693
  0.0172237   0.02613429]

Vetor Fiedler do grafo: 10
[  8.90722470e-01   3.99717500e-02  -8.36834100e-02   2.40660120e-01
  -3.08782900e-02   2.15102970e-01  -1.90656400e-02  -4.31305700e-02
  -4.26315600e-02  -3.56352700e-02  -4.84750400e-02   1.05018700e-02
  -1.51132100e-02  -4.47592200e-02  -3.40355700e-02  -4.49987300e-02
  -1.91397500e-02  -6.82930200e-02  -3.12496800e-02  -6.16729500e-02
  -1.42956500e-02  -3.32113300e-02   3.55480000e-04  -2.76030000e-02
  -4.32800000e-02  -5.63057900e-02   1.05221170e-01  -3.22173400e-02
  -5.49103900e-02  -1.77655600e-02   1.86842000e-03  -4.51545800e-02
   8.09754800e-02  -5.12637700e-02  -3.32893700e-02  -2.79923400e-02
  -6.93969000e-03  -1.24055500e-02  -1.83968400e-02  -4.69466900e-02
  -2.22530500e-02  -8.14991000e-03  -2.81707100e-02  -2.14577700e-02
  -2.12941000e-02  -1.64066100e-02  -2.97127600e-02  -3.15180100e-02
  -3.43789800e-02  -3.10489400e-02  -7.73768000e-03  -6.81677000e-03
  -3.61871100e-02   3.72661600e-02   6.28824200e-02  -3.39449000e-02
  -3.72198700e-02  -1.73196100e-02  -1.44314800e-02  -2.00431000e-03
   1.20956000e-03  -2.45774200e-02   5.48861700e-02   1.12279000e-03
  -2.08834900e-02  -1.85479100e-02  -1.04486800e-02  -9.87233000e-03
  -3.68211100e-02   2.23217500e-02   4.73581700e-02  -3.32698300e-02
  -1.84148000e-02  -2.13488200e-02   3.27630800e-02  -2.03719700e-02
  -3.16604700e-02   2.39094000e-03  -4.22299700e-02  -1.43415700e-02]

