Vetor Fiedler do grafo: 1
[  9.76099000e-01  -2.02793100e-02  -2.34513600e-02  -2.16382100e-02
  -6.17563000e-03  -2.59036800e-02  -2.49201500e-02  -2.60845800e-02
   7.37130000e-03  -2.48238100e-02  -3.75786000e-03  -2.19965200e-02
  -2.48118500e-02  -7.29691000e-03  -8.56476000e-03  -2.59920000e-02
  -2.54809900e-02  -2.18599700e-02  -2.40563400e-02  -1.18648600e-02
  -1.94039800e-02  -2.14109700e-02  -1.35510500e-02  -2.27798800e-02
  -2.67043100e-02  -2.63115200e-02  -2.29010200e-02  -1.26781600e-02
  -2.20636900e-02  -2.08176800e-02  -2.43985100e-02  -2.09482500e-02
  -1.12708700e-02  -8.94261000e-03  -2.63727400e-02  -9.48736000e-03
  -2.22085200e-02  -2.05435800e-02  -2.01728000e-02  -8.90036000e-03
  -1.49963900e-02  -2.09478600e-02   5.20378000e-03   3.65615000e-03
  -5.86528000e-03   9.93494800e-02  -1.51779900e-02   6.51980000e-04
  -2.11028700e-02  -1.54364700e-02  -2.80851700e-02  -2.13789700e-02
  -6.69095000e-03  -2.28765100e-02  -2.25603700e-02  -1.79387000e-02
  -1.59610000e-02  -1.91787600e-02  -2.10394300e-02  -2.25973000e-02
  -8.21528000e-03  -1.93344400e-02  -4.76827000e-03  -2.04591000e-02
   4.37859000e-03  -2.25656200e-02   7.26174000e-02   8.07569800e-02
  -3.95744000e-03  -1.13738200e-02  -1.33395900e-02  -8.48949000e-03
  -2.30131100e-02  -2.06620000e-02  -8.89768000e-03  -1.59910800e-02
  -6.01200000e-05  -1.38260200e-02  -1.98966800e-02  -1.25742300e-02]

Vetor Fiedler do grafo: 2
[  7.25743580e-01  -4.62099570e-01  -2.10080500e-02   2.25369500e-02
  -2.90493150e-01  -1.50860440e-01  -7.73142200e-02   3.78824000e-03
  -1.68267380e-01  -1.71494900e-02  -7.01685500e-02  -9.41974000e-02
  -5.79100000e-04   5.75980200e-02   2.17539700e-02   2.29017200e-02
   6.13957000e-03  -1.25828020e-01  -1.62486800e-02   1.41561300e-02
   3.21817900e-02   3.04232400e-02   3.43835200e-02   4.59929600e-02
  -3.89355800e-02   3.65775000e-02  -2.52076900e-02  -1.11722600e-02
  -2.05548000e-02  -1.85602800e-02  -2.78059000e-03   9.21926000e-03
   1.41272800e-02  -1.86488000e-02   4.41951000e-03   4.52519400e-02
   1.26450300e-02   9.32816400e-02   1.18215250e-01  -3.27546000e-03
  -2.67185700e-02   1.26033200e-02   5.81881000e-03   1.07465540e-01
   3.78343400e-02   1.57658000e-03   1.32682700e-02   5.62448000e-03
   8.30324000e-03  -3.40335000e-02  -2.14656000e-02  -2.01250000e-04
  -3.86712500e-02   3.97070000e-04  -5.99336500e-02   2.36184900e-02
   9.20401000e-03   1.94311700e-02   2.20865800e-02   2.31552200e-02
  -1.11089000e-03   1.15998200e-02   2.23367100e-02   8.93506100e-02
  -1.47312100e-02   2.44733100e-02   2.07892800e-02  -1.90438300e-02
  -2.89751000e-03   3.25281400e-02   2.76103400e-02  -3.60573900e-02
   6.13603300e-02  -2.22051700e-02  -7.79592000e-02   1.54416300e-02
   1.03559500e-02   9.66550000e-04   1.15996300e-02   1.82420100e-02]

Vetor Fiedler do grafo: 3
[ -1.96249280e-01  -1.57826520e-01  -2.41525470e-01   4.89601490e-01
   5.83917700e-01   1.43172000e-03   1.90264000e-02  -9.83596100e-02
   1.37638000e-01  -8.26197400e-02  -1.19262850e-01  -1.66512680e-01
   6.50630500e-02   1.34785410e-01  -7.88541100e-02   1.74286100e-02
  -6.21709800e-02   1.06654100e-02   6.21826800e-02  -7.47181900e-02
  -3.55117400e-02  -3.14370400e-02   1.58340440e-01  -7.84741600e-02
   1.42900000e-05  -7.23913600e-02   8.91658400e-02  -4.08450000e-02
  -4.73595000e-02   3.83385800e-02  -1.02651000e-02  -2.78685000e-03
   5.60396400e-02  -3.68660000e-04  -2.41485400e-02  -1.25030000e-03
  -5.08445300e-02  -2.10949300e-02  -1.06611690e-01  -6.41496000e-03
  -9.11311400e-02   3.40917400e-02  -2.01249700e-02  -1.68032300e-02
  -4.12740600e-02  -5.40629000e-03   3.43136100e-02  -6.02079500e-02
   9.86625900e-02   8.97245200e-02  -4.92500000e-04   1.40272300e-02
   6.45854200e-02  -3.08453000e-03   1.08299880e-01   5.38685300e-02
  -5.96667400e-02  -5.03757500e-02   1.26374700e-02   1.84561300e-02
   9.59324700e-02  -7.02469700e-02   1.37924700e-02  -5.73725000e-02
   6.21133500e-02   1.16000000e-04  -4.46923000e-02   4.70010000e-03
  -2.12794000e-03  -9.47579300e-02   1.21507700e-02  -6.17345700e-02
  -7.42743100e-02   1.37301300e-02  -3.83579100e-02  -1.62665800e-02
  -1.47891300e-02   1.66363600e-02   4.50675800e-02  -2.54545000e-02]

Vetor Fiedler do grafo: 4
[ -7.20956270e-01   1.39185210e-01   1.98864250e-01   1.82122830e-01
   8.53994600e-02  -3.95661250e-01   1.56995000e-02  -3.72347750e-01
  -1.24144000e-02   2.68211600e-02   3.05521300e-02   1.70523700e-02
   5.14361100e-02   8.25765000e-02  -1.07542700e-02   8.96208000e-03
   2.80591800e-02  -8.86859000e-03   6.34550700e-02   5.13876900e-02
   2.92717600e-02  -2.16440000e-03   8.48824600e-02   3.03731400e-02
   3.24809300e-02   2.07139200e-02   5.14661800e-02  -5.53227500e-02
  -4.06433300e-02   2.34602700e-02   1.19786200e-02   1.47815400e-02
  -3.45757300e-02  -9.14911900e-02   2.12098200e-02   1.87328600e-02
  -6.05380600e-02   2.94323300e-02   1.02353900e-02   3.85484500e-02
   2.45369900e-02   2.02420600e-02   3.31518800e-02  -1.45177500e-02
   3.83356800e-02  -8.72039000e-03   1.51225200e-02   1.37302900e-02
   5.77472000e-03  -8.77018000e-03   1.19378500e-02   2.35881900e-02
   2.35981600e-02   2.07326600e-02   2.14249000e-02   3.60703800e-02
  -2.90770000e-04  -2.71405900e-02  -2.61297100e-02   1.18106100e-02
   3.82322200e-02   3.42834700e-02   5.35154400e-02   2.43418000e-02
  -1.59355600e-02  -1.01417000e-03   3.06506000e-03   4.17282200e-02
   2.73781500e-02   1.19444900e-02   2.24710000e-02   3.40467800e-02
  -1.07684700e-02   1.66325000e-03   2.38052000e-02  -1.63663300e-02
  -8.16890600e-02   4.47835300e-02  -1.05286100e-02  -3.28471100e-02]

Vetor Fiedler do grafo: 5
[  6.58304820e-01  -1.14322440e-01  -4.01432800e-02  -1.70477810e-01
  -6.29114800e-02   4.71885380e-01  -2.31052810e-01  -9.23746700e-02
  -2.01314300e-02   6.72260000e-04  -2.34316770e-01  -1.93335300e-01
  -9.67590900e-02   2.72463900e-02   3.34385500e-02  -5.84411000e-03
   1.42173580e-01   1.57145000e-02  -6.45850500e-02  -4.14628000e-03
  -2.43611900e-02   1.82452700e-02   3.55635000e-03   1.04381950e-01
   1.05416710e-01   3.17255600e-02  -5.18856000e-03  -2.60242500e-02
   6.67465000e-03  -8.70485000e-03  -2.82248500e-02  -1.32810000e-04
   1.26577500e-02   2.55801300e-02  -2.28468800e-02   1.49759100e-02
   1.24510400e-02  -7.12554100e-02  -8.23518000e-02  -1.51657700e-02
   1.05037800e-01  -1.31113000e-02  -2.72960200e-02  -5.80698000e-03
  -2.18784200e-02  -8.34230300e-02  -3.88870800e-02   2.54212400e-02
  -1.37147700e-02  -1.78730800e-02   2.54394700e-02   1.24393000e-03
  -3.44498700e-02  -7.74864700e-02   4.54722800e-02   6.88477800e-02
   1.56030600e-02  -1.38243800e-02  -4.65543300e-02  -3.49613000e-03
   2.48618200e-02   3.28600500e-02  -2.43271700e-02  -1.97848600e-02
  -1.58740000e-04  -2.95176400e-02  -1.33160300e-02  -1.76034600e-02
  -5.10400000e-05  -5.94487700e-02   8.40495900e-02   4.96734100e-02
   1.93387800e-02   9.77974000e-03   6.71719000e-02  -2.58128000e-03
  -6.54779700e-02  -8.09265000e-03   1.29429900e-02  -2.00262800e-02]

Vetor Fiedler do grafo: 6
[  3.29696440e-01  -8.01871390e-01   6.83250000e-04  -5.30781200e-02
  -7.14567000e-03   2.08488150e-01  -2.92599400e-02   1.86779910e-01
  -1.43447600e-02   1.31867510e-01  -1.91627900e-02  -8.79189700e-02
  -4.12017900e-02   3.36381200e-02  -4.82443300e-02   1.94914000e-02
   8.29537000e-03   2.88402200e-02   1.96550000e-02  -3.37750800e-02
  -1.11675300e-02  -2.66542000e-03  -1.48202600e-02   3.92326100e-02
   3.18604900e-02   3.33411300e-02   8.66552000e-03  -1.26700100e-02
   8.55947000e-03   4.34494100e-02   6.41981000e-03   4.20435100e-02
   1.44610400e-02   3.75699000e-02  -1.27433980e-01  -1.53392910e-01
  -1.63264350e-01  -2.98541400e-02   2.23198100e-02  -3.76411000e-03
   2.01802600e-02  -1.16762490e-01   5.51487000e-03   3.77407700e-02
   2.21533000e-03   4.44379500e-02  -2.94513900e-02  -1.23313700e-02
  -1.49312900e-02   6.33400000e-05   5.70638400e-02   2.52118000e-02
  -2.65551000e-03   3.28094000e-03   2.97445700e-02   2.50479700e-02
  -4.90662000e-03   9.42517000e-03  -5.93200000e-05  -9.45561900e-02
   1.46478200e-02  -8.66553000e-03  -2.48179000e-02   1.71521000e-02
   1.82669300e-02   2.46138000e-02   7.10195400e-02   2.13476200e-02
  -2.30940800e-02   6.47260400e-02   2.16698000e-02  -2.85740000e-03
   3.00669800e-02   6.89105000e-03   4.79579800e-02   2.20469200e-02
   3.14097400e-02   1.66009300e-02   6.36916000e-02   2.73095000e-03]

Vetor Fiedler do grafo: 7
[  9.02676040e-01  -1.66581850e-01  -1.34729560e-01  -8.84482000e-02
   3.17185700e-02  -8.32157000e-02  -3.44353800e-02  -4.54705900e-02
  -5.41645100e-02  -7.07083100e-02  -1.38179600e-02  -2.81370400e-02
  -4.17529700e-02  -1.23752100e-02  -6.56083000e-03  -2.56796500e-02
  -3.90569700e-02  -3.90764300e-02   1.29512100e-02  -1.25228800e-02
   5.73782000e-02  -1.46533100e-02  -3.33237600e-02   1.72606600e-01
   1.76148000e-02  -3.76413000e-02  -4.54909800e-02   1.64746000e-02
   3.27861000e-03  -5.16517000e-03   1.15308100e-02   1.73433400e-02
  -6.89631000e-03  -5.91360000e-03  -9.01514000e-03  -6.66163000e-03
  -2.12365400e-02   2.37005800e-02  -2.21394400e-02  -4.13970500e-02
  -2.45652400e-02  -5.46104700e-02   1.21485870e-01  -1.04552000e-03
  -4.12967000e-03   9.34986000e-03   1.21658570e-01  -7.07450000e-03
  -2.07042000e-02  -2.34522800e-02   9.60700000e-04   1.37604400e-02
   9.01410000e-03   1.63759900e-02   4.58455000e-03  -1.39906900e-02
  -2.33989500e-02   8.10194500e-02  -1.52259500e-02  -5.25634700e-02
  -4.18316100e-02  -1.18736800e-02  -1.48439900e-02  -3.91780600e-02
  -3.54840100e-02   9.44335000e-03  -5.29287800e-02  -9.12526000e-03
  -1.88907900e-02  -1.18362800e-02  -8.99285000e-03   1.57708900e-02
  -3.23993300e-02   7.50959800e-02  -7.52910000e-04  -5.80307000e-03
  -1.71965400e-02  -1.20557100e-02  -9.95770000e-04  -4.45752700e-02]

Vetor Fiedler do grafo: 8
[ -9.48604330e-01   8.23469500e-02   3.36312800e-02   4.17950400e-02
  -1.53864000e-02   3.12061000e-02   2.62722500e-02   2.38892400e-02
   2.54804600e-02  -1.30881900e-02  -5.23536000e-03   3.43590100e-02
   2.90366500e-02   2.36100700e-02   3.32549000e-02   1.66208600e-02
   2.09573600e-02  -1.51846660e-01  -1.56438150e-01   3.57719000e-03
   2.24924200e-02   4.01356200e-02   2.31876000e-02   2.98920000e-02
  -4.33000000e-03   2.19890600e-02   1.10936800e-02   2.22598700e-02
   2.80984500e-02  -1.07250660e-01   9.21595000e-03   2.09097400e-02
   7.75340000e-04   2.53797600e-02   2.64014800e-02   2.14798600e-02
   2.48008700e-02   2.65674000e-02   1.60417200e-02   2.51643300e-02
   3.00369700e-02   2.44531800e-02   2.34058400e-02   2.24036100e-02
   2.13920800e-02  -6.01220000e-04  -2.12112500e-02   2.34807500e-02
   2.88455800e-02   1.80599800e-02   3.64165000e-03   4.78361000e-03
   1.97591900e-02   1.89741000e-02   1.56006100e-02   1.74027500e-02
   6.65659000e-03   1.13268700e-02   4.86270000e-04   2.26355400e-02
   5.64930000e-03   2.58333900e-02   2.65431000e-02   2.30023200e-02
   1.42151700e-02   6.40173000e-03   1.82674700e-02   3.23631000e-03
   2.39416000e-02   2.45115200e-02  -5.98102000e-03   8.62749000e-03
   1.39102400e-02   2.43869400e-02   2.54750800e-02  -1.11737300e-02
   6.82409000e-03   2.15502100e-02   9.54065000e-03   2.39626900e-02]

Vetor Fiedler do grafo: 9
[ -4.50243900e-01   4.24266560e-01   5.46767600e-02  -1.15966070e-01
   8.99804000e-02  -2.08423490e-01   2.89815740e-01  -2.03991660e-01
   8.52053100e-02  -7.75602300e-02  -2.27845870e-01   1.55382440e-01
   9.81356300e-02   1.07739500e-01  -1.05522980e-01   1.48579340e-01
  -4.28958800e-02  -9.76940100e-02  -2.82063000e-03  -1.02108350e-01
  -6.32137000e-02   1.65420820e-01   7.96472800e-02   5.97267700e-02
   9.53453200e-02  -7.46312700e-02  -5.69930400e-02  -1.81632360e-01
   1.76079570e-01   2.77534100e-02   1.78207400e-02  -1.00409840e-01
   5.76083700e-02  -4.72779900e-02   1.56104100e-02   3.11508400e-02
   5.49608900e-02   4.44642100e-02  -3.41630000e-03   5.51813000e-02
  -6.93987100e-02   1.44692400e-02   9.69354700e-02  -9.25713500e-02
  -1.94351980e-01  -1.07430200e-02   3.63757400e-02  -1.54363300e-02
  -1.81901800e-02  -1.78260000e-04   2.49713200e-02   3.30256000e-02
   6.14333500e-02   4.66167300e-02   4.05301000e-03   4.28113000e-03
  -3.16235000e-03  -7.04527900e-02   1.67228000e-03  -3.59734500e-02
  -3.15480700e-02   2.97487300e-02   1.14040500e-02  -4.28992900e-02
   7.53227400e-02   2.37873800e-02  -1.33032100e-02  -1.27060700e-02
   8.62763900e-02   5.96487000e-02  -4.30173900e-02  -7.66440100e-02
   1.04449400e-02  -1.21469900e-02  -1.03897700e-02   2.72338000e-03
  -3.36283800e-02   7.58513000e-03  -3.39510900e-02   1.80134200e-02]

