Vetor Fiedler do grafo: 1
[  7.94921770e-01  -3.95575030e-01   3.36902250e-01   1.08651700e-02
  -1.49831400e-01   2.55433000e-03  -5.17906700e-02  -1.85827800e-02
  -8.67279000e-03   1.80426000e-02   1.58357300e-02  -3.14915500e-02
   1.06547000e-02   1.92328400e-02  -1.59155500e-02  -3.27980400e-02
  -1.83052600e-02   1.36808400e-02  -2.09921400e-02   4.70840000e-04
   1.45463790e-01  -2.45084100e-02  -2.11541200e-02  -3.00190400e-02
  -9.56820000e-04  -1.39516400e-02   1.20353600e-02  -1.91408900e-02
  -2.06244100e-02  -5.38510000e-04  -1.60345600e-02  -1.00235700e-02
  -2.54569400e-02  -1.18456400e-02  -7.30741300e-02  -3.88297600e-02
   1.12815900e-02  -8.39166000e-03  -1.18655700e-02  -1.66324000e-03
  -2.00263300e-02   5.32283000e-03  -1.98530200e-02  -2.30326800e-02
   5.57942100e-02   1.02291620e-01   2.44535500e-02   3.51519800e-02
  -1.35214500e-02   1.07503700e-02  -1.25792400e-02  -9.39690000e-04
  -2.11367300e-02  -1.11836400e-02  -3.40554300e-02  -1.33687300e-02
  -2.54492300e-02  -1.04422800e-02  -1.78496700e-02  -1.58552600e-02
  -1.78120700e-02  -1.20075600e-02  -1.01480000e-03   7.52731000e-03
  -8.07416000e-03  -2.81306000e-03  -1.27627900e-02  -4.76247000e-03
  -5.73163000e-03   2.98136000e-03  -9.77139000e-03   2.22431000e-02
  -9.80127000e-03   6.67201000e-02  -1.75932800e-02  -7.05079000e-03
  -1.05498400e-02  -1.19321200e-02  -2.10995900e-02  -8.56423000e-03
  -1.00107800e-02  -7.40478000e-03  -7.81826000e-03  -1.87210200e-02
  -9.06308000e-03  -1.79548400e-02   3.82083000e-03   1.73055800e-02
  -1.26388700e-02  -9.71387000e-03  -1.64257600e-02  -1.60671200e-02
   3.86866000e-03   1.27275000e-03  -5.09805800e-02  -1.93446800e-02
  -7.49379000e-03  -5.02574600e-02  -1.58786000e-02  -9.00408000e-03]

Vetor Fiedler do grafo: 2
[  8.90901360e-01  -3.63402100e-02   3.07660210e-01  -2.54336000e-03
  -5.05228700e-02  -3.79413800e-02   1.16096800e-01  -3.94190100e-02
  -4.40646400e-02  -4.49446200e-02  -2.56667700e-02  -2.09579700e-02
  -2.38622600e-02  -1.29047800e-02  -6.40671000e-03  -2.99479900e-02
  -3.06157500e-02  -3.61644400e-02  -3.08569400e-02   1.41195480e-01
  -1.63801300e-02  -2.47609400e-02   4.69500000e-03   1.09921800e-02
  -2.46025400e-02   7.07362000e-03  -3.53064500e-02  -1.81383700e-02
  -2.33309500e-02  -3.46357400e-02  -6.25263000e-03   1.16315580e-01
   3.95467500e-02  -1.62809400e-02  -1.71156800e-02  -1.34669700e-02
  -4.88654000e-03  -2.15180900e-02   1.26461600e-02  -3.30008800e-02
   4.28285000e-02  -3.34987500e-02  -2.54596000e-02   1.46129000e-03
  -3.42556900e-02  -2.27053500e-02  -3.04203900e-02   2.84423000e-03
  -1.92080300e-02  -1.89054100e-02  -3.15082400e-02  -3.24784400e-02
  -1.90787600e-02  -3.43318100e-02  -1.29446400e-02  -2.50044600e-02
   2.90367000e-03  -2.05696200e-02  -3.08050100e-02  -3.14336900e-02
  -1.95712400e-02  -2.10919000e-02  -1.03038000e-02  -2.70415900e-02
  -2.92459600e-02  -2.46353900e-02  -1.94308200e-02  -3.00145000e-02
  -1.67284900e-02  -8.62827000e-03  -9.96914000e-03  -2.56668300e-02
   9.19099000e-02  -1.74620000e-03  -2.14245400e-02  -2.18227200e-02
  -1.84524000e-02  -1.77375400e-02   3.03384000e-03  -3.20776300e-02
  -2.06669200e-02   1.76845300e-02  -8.57500000e-04  -2.49953300e-02
  -4.64098000e-03  -2.53061300e-02  -1.15692600e-02  -2.44748800e-02
  -1.16081700e-02  -2.42057200e-02  -2.56654000e-02  -2.40743000e-02
  -2.57529400e-02  -2.55606400e-02  -2.21115700e-02  -2.96664800e-02
  -1.33687200e-02   2.18668700e-02   2.93285000e-03   2.09695000e-02]

Vetor Fiedler do grafo: 3
[-0.87517203  0.09542011 -0.38766058 -0.02938353 -0.03210467  0.05260102
  0.04086986 -0.00973866  0.00736422  0.02434674  0.03549786  0.02065567
  0.03311935  0.04167842  0.03580601 -0.06238904  0.02958742  0.03507059
  0.03789305  0.01072691  0.03198732  0.0357232   0.0357927   0.02529041
  0.01808158  0.02849163 -0.07433657  0.02886031  0.01181308  0.00463132
  0.01409162  0.02070525  0.01426201  0.01408377  0.01106782  0.01117043
  0.02074623  0.03066612  0.0261185  -0.00461286 -0.12129108  0.02794955
  0.02848524  0.01859545  0.01795566  0.01943294  0.01973552  0.04234023
  0.0197613   0.01811803  0.00178816  0.01506314  0.0061758   0.01741306
  0.02137026  0.00554712  0.0215973   0.01645668  0.00504373  0.02328352
  0.02569493  0.02026744 -0.00663482  0.00753284  0.02316276  0.00839427
  0.01254427  0.02638193  0.02014607  0.02222378  0.00558567  0.00997679
  0.02256196 -0.00429804  0.00745323  0.01309988  0.01319773  0.01931368
 -0.06138983  0.02233265  0.01739829  0.01286665  0.02376572  0.0226631
  0.0122327   0.02604218  0.02000127  0.00952489  0.00969748  0.02116091
  0.00417622  0.01545713  0.01555671  0.01427803 -0.01680616  0.00848008
 -0.04797935 -0.0171527   0.01079757 -0.00335209]

Vetor Fiedler do grafo: 4
[ -7.62048920e-01   1.63839240e-01   2.13010480e-01   8.01019900e-02
   1.11390520e-01   7.17115500e-02   4.16238300e-02  -3.04509430e-01
  -4.35541000e-03  -1.53268250e-01   1.84197300e-02  -7.94674400e-02
  -2.47584000e-03  -9.40865600e-02   1.66955500e-02  -1.47082320e-01
   1.34868300e-01   2.14876000e-03   1.38458400e-02  -6.25758400e-02
   2.74056200e-02  -3.20519900e-02   1.59950800e-02  -5.83412200e-02
   2.24561600e-02  -1.60781440e-01   9.40703800e-02   1.15471000e-03
   3.69269700e-02   7.37361300e-02  -3.92139800e-02  -1.43795630e-01
   1.33198400e-02   5.53570000e-04  -6.54843000e-03   1.79432800e-02
  -2.01377800e-02   2.51740700e-02   7.14201400e-02   1.58256800e-02
  -6.23319000e-03   4.04820600e-02   1.51979500e-02  -5.49290000e-04
   5.54582500e-02   8.55501400e-02   1.81519000e-02  -9.48758000e-03
   1.65098300e-02   7.37005000e-03   7.44907600e-02   2.17339700e-02
   2.46514800e-02   2.11752000e-02   3.22869100e-02   1.30383500e-02
   2.02312200e-02  -9.36427100e-02   5.00897400e-02   7.94751500e-02
   2.74884000e-02   9.09030000e-04   1.99958100e-02   7.90633000e-03
  -3.46779900e-02  -1.72394100e-02   2.64394000e-03   2.70486500e-02
  -4.67142700e-02   5.09074700e-02   2.67177100e-02   1.36425600e-02
   1.57525200e-02   1.66096600e-02   2.38224200e-02   9.41234000e-03
   9.83978000e-03   9.62001000e-03  -3.61309900e-02  -1.67773600e-02
   2.59288500e-02   2.89517400e-02  -3.83425600e-02   1.77153000e-02
   3.16423400e-02   8.21274000e-03  -2.85477900e-02   2.05776900e-02
   3.19817700e-02   2.41833000e-02   4.14513800e-02   3.87549600e-02
  -7.56074900e-02   2.87626000e-03   1.47883800e-02   6.32173000e-03
   1.35862700e-02   2.16578900e-02   8.87450000e-03   1.53389900e-02]

Vetor Fiedler do grafo: 5
[  9.80134700e-01  -2.25990200e-02  -1.66075800e-02  -2.17424200e-02
   8.33084000e-03  -1.67262600e-02  -1.61442600e-02  -1.45149900e-02
  -2.75300000e-02  -1.40285500e-02  -1.55926900e-02  -1.71184100e-02
  -1.19120000e-03  -3.34765000e-03  -1.35332700e-02  -1.89348100e-02
  -2.00673900e-02  -6.58820000e-04  -2.40364900e-02  -1.94835300e-02
  -9.57805000e-03  -2.29360700e-02  -1.33242300e-02  -2.24102500e-02
  -1.55159600e-02  -6.09334000e-03  -3.13872000e-03  -3.59634000e-03
  -1.19314400e-02  -2.31385000e-02  -1.84894700e-02  -2.79082000e-03
  -8.45987000e-03  -2.19282400e-02  -1.49439400e-02  -2.19163000e-03
  -1.52387300e-02  -1.67543000e-03  -1.94854600e-02  -1.96889400e-02
  -1.27654000e-02   3.23454000e-03  -1.94375200e-02  -4.89861000e-03
  -4.26179000e-03  -2.17097800e-02  -1.49334700e-02  -8.73577000e-03
  -1.44635000e-02  -1.65553700e-02  -1.65148700e-02  -5.55524000e-03
  -1.72187400e-02  -1.80934300e-02  -1.90018400e-02  -4.31626000e-03
  -1.21723100e-02  -1.68012100e-02  -1.56413500e-02  -6.28929000e-03
   8.93779500e-02  -7.47166000e-03  -2.45008000e-03  -5.68593000e-03
  -1.42329800e-02  -6.39246000e-03  -2.31208500e-02  -1.45558000e-02
  -1.80438800e-02  -1.18534200e-02  -2.05689100e-02  -1.03073600e-02
  -6.40453000e-03  -1.59131700e-02  -1.63178100e-02  -1.75000400e-02
   8.36475900e-02  -1.27105600e-02  -7.88252000e-03  -8.91335000e-03
  -1.69896500e-02  -6.68448000e-03  -1.64780500e-02  -6.31552000e-03
  -9.42060000e-03  -1.25540600e-02  -8.35681000e-03  -8.61686000e-03
  -6.39780000e-04  -1.46068900e-02  -1.09778000e-02   6.58969800e-02
  -1.69390300e-02  -9.75316000e-03  -5.53657000e-03  -1.53117200e-02
  -1.04535000e-02  -1.85775200e-02  -1.73625400e-02  -1.49442600e-02]

Vetor Fiedler do grafo: 6
[ -9.82698120e-01   2.91332900e-02   1.86214900e-02   1.25247100e-02
   1.48974200e-02  -1.60610600e-02   1.55510500e-02   2.30187900e-02
   2.02971000e-02   1.40230500e-02   1.52141300e-02   1.70519800e-02
   1.24898700e-02   1.36214400e-02   1.44341200e-02   1.51454800e-02
   1.56441300e-02   1.66015200e-02   1.38244200e-02   1.65618500e-02
   1.15968600e-02   1.78224900e-02   1.37425100e-02   1.34922600e-02
   9.79051000e-03   1.62644100e-02   1.81456300e-02   1.49104700e-02
   1.49333400e-02   1.39584900e-02   1.52782800e-02  -1.15263900e-01
   1.40564700e-02   1.49534700e-02   1.06930900e-02   1.60882800e-02
   1.22767700e-02   1.44520000e-02   1.44121800e-02  -5.75260000e-04
   1.19563100e-02   1.12374000e-02   7.33273000e-03   7.12552000e-03
   1.58519400e-02   2.27408000e-03   1.49179100e-02   1.39935100e-02
   1.18903100e-02  -1.65340000e-03   6.12136000e-03   1.60976500e-02
   1.42396200e-02   1.49174500e-02   1.35238700e-02   1.11077300e-02
   1.59682800e-02   1.37866600e-02   1.37677500e-02   1.17439500e-02
   1.33649800e-02   7.73838000e-03   1.24776000e-02   1.50809400e-02
   6.51349000e-03   1.16681200e-02   5.06706000e-03   1.59276500e-02
   1.26626800e-02  -2.67185000e-03   1.36382000e-02   6.35013000e-03
   1.46546100e-02   1.07657100e-02   6.98462000e-03   7.69568000e-03
   9.66570000e-03   1.01924700e-02   1.28823400e-02   1.32260800e-02
   1.54493500e-02   3.79150000e-03   1.49257100e-02   1.15000000e-02
   1.03558500e-02   4.76850000e-03   1.35672400e-02   7.32975000e-03
   8.38953000e-03  -4.12898000e-03   1.44295500e-02   1.34446000e-02
   1.01350700e-02   1.33449800e-02   1.56674600e-02   1.47894500e-02
   1.01747400e-02  -6.22406500e-02   1.00005000e-03   1.22960300e-02]

Vetor Fiedler do grafo: 7
[-0.9250936   0.03366609  0.04296754 -0.03875218  0.01768292 -0.08832277
  0.04093084  0.05144341  0.03429315  0.0197833  -0.01029612  0.02492334
  0.0229488   0.0401478   0.01784816 -0.01636366  0.0392407   0.01351052
  0.04023578  0.04665677  0.04836179  0.03242949  0.02418432  0.01460781
  0.02336792  0.03852553  0.02586282 -0.18034735 -0.00106802  0.03682498
 -0.16481315 -0.00435255  0.02558178  0.01044236  0.02386439  0.03448275
  0.0270682   0.00763734  0.02358275  0.02093484 -0.14509033  0.01956912
  0.02491075  0.02648957  0.02673885 -0.00308421  0.02121931  0.01747301
 -0.00859771  0.0039147   0.00456622  0.00894994  0.03207967 -0.00794569
  0.02482206  0.01623068  0.0142791   0.02017675  0.02532843  0.01616204
  0.02212742  0.02969736  0.00512281  0.02247826 -0.00892651  0.02111647
  0.03275414  0.0324419  -0.00944541  0.01176639  0.03280412 -0.00111453
 -0.00839774  0.03087059  0.01081041  0.02698482  0.00540927  0.02009873
  0.0188519   0.00283019 -0.01209342  0.00453893  0.01323449 -0.06854156
  0.00603162  0.01178032  0.01544901  0.01568349 -0.00551912 -0.0052356
  0.01689586  0.02433525 -0.00432092 -0.00466658  0.00986398  0.02187652
  0.01788717  0.00263537  0.01954305  0.00952052]

Vetor Fiedler do grafo: 8
[  5.87480280e-01  -7.04109700e-01   1.27220660e-01   6.27903000e-02
   1.34170600e-02   4.35046000e-03   7.93960100e-02   2.03932500e-02
   4.89005000e-03  -1.82650000e-02  -3.81903000e-03   3.41192300e-02
  -3.31534500e-02  -7.88733000e-03  -9.39592000e-03   4.87361000e-03
  -6.01298000e-03   1.69954600e-02   1.25954600e-02   1.79219900e-02
  -1.74196900e-02  -3.77796000e-03  -1.84393900e-02  -1.86255920e-01
   8.11167000e-03  -1.35015800e-02   5.87205000e-03  -1.79935200e-02
  -1.42490000e-03  -8.30012000e-03   2.10384100e-02  -6.71040000e-03
   1.18005760e-01   2.33451000e-02  -2.90710300e-02   1.15599940e-01
   5.29057000e-03   2.12771000e-03   3.21013300e-02  -1.07823480e-01
  -1.53327100e-02  -1.19759700e-02  -4.69761000e-03  -1.10799260e-01
   3.29337600e-02  -1.41235400e-02  -3.24051400e-02   8.31193000e-03
  -3.61088500e-02   4.74689000e-03   3.66402000e-03   6.87795000e-03
   1.03635090e-01  -3.36246800e-02   2.16241400e-02  -2.14683900e-02
  -2.38462000e-03  -3.75889000e-03   5.28695400e-02   1.01719100e-02
  -1.40385100e-02   3.01159100e-02   4.32017000e-03  -1.83170000e-03
   1.92812000e-03  -2.24727900e-02  -2.32121200e-02  -3.03586000e-03
   2.96539800e-02   4.66499000e-03   1.38824000e-03  -5.50408000e-03
   1.08260400e-02   1.01220000e-02  -6.97320500e-02   1.01771800e-02
  -3.23160000e-04  -6.74864000e-03   2.46996000e-03  -8.09090000e-04
   2.01056000e-03  -2.48889000e-03  -3.78712000e-03  -1.66266300e-02
  -1.78003200e-02   6.63240000e-03   5.00123000e-03  -2.07379200e-02
  -6.51984600e-02  -5.83619000e-03   3.49138000e-03   1.87901700e-02
  -1.27114100e-02   6.02843300e-02   2.73660000e-04   1.06231500e-02
  -1.21753000e-03  -1.15085500e-02  -3.70217000e-03   1.38192400e-02]

Vetor Fiedler do grafo: 9
[ -3.42859900e-02   4.17654010e-01  -2.69882030e-01   5.73181790e-01
   5.00911200e-02  -7.80961600e-02  -2.57191620e-01   7.51212700e-02
   1.04205600e-02  -1.31251760e-01  -1.92506360e-01   1.58986950e-01
   2.86631900e-02  -5.74661800e-02   1.88685140e-01  -5.01564800e-02
  -8.77850700e-02  -2.98463800e-02   4.92853500e-02   1.53092440e-01
   1.32067840e-01  -4.51669000e-03  -2.46825000e-02  -2.78634800e-02
   5.43851000e-03  -1.74105960e-01   4.94727100e-02  -3.72838600e-02
  -5.49260000e-03   2.07707500e-02   2.09900000e-04   2.86787200e-02
  -2.23441700e-02   1.03537730e-01  -2.24875400e-02  -2.55166100e-02
   1.30469000e-03   2.89103300e-02   3.39729400e-02   1.89584800e-02
  -1.11695400e-02  -3.24818900e-02  -6.52171200e-02  -3.69258000e-03
   4.52382100e-02  -7.52709500e-02  -6.00054800e-02  -2.41942300e-02
  -6.79885700e-02  -1.02519530e-01  -9.93245000e-03  -5.16900600e-02
  -1.18299000e-03  -2.43905000e-02   2.18205800e-02  -5.44908200e-02
  -5.19861700e-02  -4.06991900e-02   2.19705500e-02   4.58643500e-02
   1.24840200e-02   1.04053800e-02   8.56340000e-03  -3.96068900e-02
  -4.50911000e-03   1.61728720e-01  -2.43003800e-02   4.22047400e-02
  -5.81226000e-03  -2.07747300e-02  -2.22281600e-02  -2.73833900e-02
   2.85037000e-02  -6.40440000e-03   2.65450000e-04  -3.59290600e-02
  -7.54972000e-03  -2.54710800e-02  -2.65974000e-02   5.19876500e-02
  -1.51539000e-02   1.16385300e-01   5.31726400e-02   3.90446700e-02
  -1.99307300e-02  -5.53170900e-02  -3.02227800e-02   6.17959000e-03
  -2.14062100e-02   2.97663100e-02  -3.45685200e-02  -2.93161900e-02
  -1.79569500e-02  -2.57257900e-02  -6.36971200e-02  -1.10397500e-02
  -2.80542200e-02   1.19355900e-02  -5.34296000e-03  -2.20530200e-02]

Vetor Fiedler do grafo: 10
[  6.08546200e-01  -5.75173720e-01  -1.46312690e-01   3.60001500e-02
   7.83648000e-02   3.03363700e-02  -7.55294500e-02   6.97164000e-03
  -1.23626300e-02   8.13918000e-03   1.79326200e-02  -1.86220000e-04
   2.13869100e-02   4.24988500e-02   2.26232740e-01   1.94569360e-01
  -1.48441200e-02  -6.43575800e-02   3.04498700e-02   2.83647500e-02
  -2.47558000e-02  -1.84129880e-01  -8.72266700e-02   2.03089000e-03
  -2.90640400e-02  -2.43547200e-02  -6.63072700e-02   1.41671100e-02
   1.77845000e-02   2.51871300e-02  -1.52090060e-01  -1.65550240e-01
   3.86602000e-03  -2.60849300e-02   1.84634800e-02   4.50389700e-02
  -3.73918000e-02   4.96282000e-03   1.89815700e-02   2.33891900e-02
   2.60653800e-02   1.50709000e-03  -3.27156000e-03  -1.13574000e-02
   4.68628000e-03   2.78931600e-02  -1.76509600e-02   3.42374600e-02
  -3.70533100e-02  -9.68098000e-03  -2.41356400e-02   2.59958000e-03
   2.32879500e-02  -1.05110000e-03   1.23249800e-01  -1.86537700e-02
  -2.00965500e-02  -2.26727200e-02   4.88677600e-02   1.92444000e-03
  -1.96259000e-03  -7.65716200e-02  -3.16304600e-02  -2.08135900e-02
   4.05929700e-02  -3.97542000e-03  -7.47459000e-03   1.01867000e-02
   3.65820000e-04  -1.78102100e-02   2.58478800e-02   9.12997800e-02
   1.51664000e-02  -9.65815000e-03  -1.10169400e-02  -2.79505800e-02
  -7.91980000e-03   1.20901800e-02   3.27039000e-03  -4.71493100e-02
   1.24012800e-02   1.69304300e-02   4.92675000e-03   2.46231900e-02
   1.76191100e-02   1.28710600e-02   1.10688400e-02   1.85454100e-02
  -9.75560000e-04   1.83889400e-02  -6.26224000e-03  -1.29463000e-02
   3.58352900e-02   2.33416000e-03  -1.41286400e-02  -9.16549000e-03
   5.37829900e-02  -7.30009700e-02   2.83764000e-02  -2.27497900e-02]

