Vetor Fiedler do grafo: 1
[ 0.65601496  0.40876379 -0.07599883  0.37262718 -0.05141588 -0.14883437
 -0.12622532  0.00134154 -0.14552249 -0.01449849  0.07946302 -0.13652357
 -0.07602454 -0.10213059  0.11339781 -0.00432573 -0.07440062 -0.06930895
 -0.11030122 -0.05640209 -0.00552058  0.03279446 -0.03715465 -0.09882718
  0.0347249  -0.04980967 -0.02628292 -0.02511211 -0.01326006 -0.0851028
 -0.07314426 -0.02084832 -0.11035856 -0.04603253  0.07751756 -0.09664769
  0.02990338 -0.02738136 -0.06061433  0.00734074  0.06566052  0.00233388
 -0.0221743  -0.01423795 -0.01837094  0.07154883 -0.03822655  0.06983625
  0.06855877 -0.09579611 -0.01377265  0.04038314 -0.01167073  0.0214374
 -0.06109691  0.07913514  0.06289977 -0.00923707  0.01406138 -0.05715146]

Vetor Fiedler do grafo: 2
[-0.68864362  0.36138841 -0.34012841  0.05317055  0.10230861  0.03444863
  0.00845648  0.09683292  0.0876368  -0.12332038 -0.0436753  -0.12234962
 -0.12489233  0.04300067  0.09538597  0.07723419 -0.06529153  0.05830356
 -0.10560327  0.09993056  0.13330907  0.10616608 -0.04412671  0.04204512
 -0.01436474  0.00823213 -0.03538558  0.06132337  0.04362397  0.11020061
  0.07253462 -0.1159225  -0.09519718 -0.10834777  0.01811907 -0.0459382
  0.02039743  0.00209857  0.0733802   0.03786893  0.08094034  0.0587514
 -0.08853895  0.0375242   0.03097088  0.04829591  0.0145711   0.03925315
  0.01832488 -0.06238145  0.01919444  0.05933162  0.02695806 -0.08299368
  0.03504265  0.06185516  0.05043691 -0.03237675 -0.02825201 -0.06111731]

Vetor Fiedler do grafo: 3
[ 0.9142436  -0.08529881 -0.11026471 -0.09083661 -0.0372645  -0.05230313
 -0.03788975  0.14484305  0.16685362 -0.01538976  0.00975895 -0.07569928
 -0.02871252 -0.0358147   0.00730771 -0.02007877 -0.02351651 -0.05906471
 -0.03033305 -0.06116881 -0.03217229 -0.01694098 -0.00852658 -0.04417568
 -0.0433932  -0.02783849 -0.02954759  0.0105868   0.07399197  0.00559436
  0.07349034 -0.04235495 -0.0464901  -0.04730109  0.07462859  0.06094848
 -0.04822941 -0.01784728  0.06382806 -0.02801781 -0.03613713 -0.02682492
 -0.01150394  0.04404981 -0.0603236  -0.03979546 -0.03829687 -0.01908982
 -0.04374497 -0.01638701 -0.02527676 -0.05291721 -0.01778953 -0.0329659
 -0.01063703  0.0385034  -0.02787047  0.03331927 -0.03824657 -0.02766977]

Vetor Fiedler do grafo: 4
[ -9.19509000e-01  -1.30579400e-02   7.85557100e-02  -2.32550570e-01
   6.59197400e-02   3.75775800e-02   5.24652100e-02   2.32818100e-02
   8.48526900e-02   5.17088800e-02   5.82009900e-02   1.02586200e-02
   1.70822700e-02   2.57684800e-02   2.57093300e-02   1.64563500e-02
   3.45358000e-03   5.52926800e-02   3.26072900e-02  -7.02100500e-02
   3.97480000e-02   2.35894400e-02   4.72312300e-02  -5.70413800e-02
   5.03814400e-02   2.27303400e-02   4.27672100e-02   4.71574300e-02
   4.50629900e-02  -8.69006900e-02   2.28557500e-02   4.17735800e-02
   5.92067500e-02   4.39701000e-02   2.42561400e-02   1.91975200e-02
   3.64301500e-02  -6.94387300e-02   3.73627400e-02   1.57559700e-02
  -4.31966200e-02   7.36214000e-03  -5.56298000e-02   2.45976900e-02
   4.01729200e-02   2.04273200e-02   2.90418600e-02  -3.88353900e-02
   4.42885100e-02   1.03768000e-02   1.58847600e-02   3.44472400e-02
   3.27498600e-02   1.01610000e-04   3.31849800e-02  -2.42855800e-02
   2.61959900e-02  -3.06599300e-02   3.41185800e-02   2.96974300e-02]

Vetor Fiedler do grafo: 5
[  9.41659160e-01  -1.24571360e-01  -4.57989100e-02   1.77173310e-01
  -3.78975800e-02  -4.22790500e-02  -2.25951300e-02  -5.56701500e-02
  -1.35400000e-05  -4.86767100e-02  -2.85205300e-02  -5.63450300e-02
  -2.92967700e-02  -3.85036700e-02  -4.88264400e-02  -7.51208000e-03
  -1.42957100e-02  -4.00421600e-02  -4.80951200e-02  -3.56218700e-02
  -4.20789300e-02  -1.55013200e-02  -3.38608000e-02  -3.95996500e-02
  -7.74868000e-03  -3.07831500e-02   1.91960000e-03  -2.98693300e-02
  -1.64537300e-02  -3.07560200e-02  -2.67807500e-02  -2.73730000e-02
  -7.27362000e-03  -3.51264900e-02   4.42321100e-02   5.93969800e-02
  -1.21693200e-02  -1.75397600e-02  -2.32824900e-02  -3.82167200e-02
   4.57307600e-02  -1.59837100e-02  -3.12753100e-02   4.42097500e-02
  -3.78688300e-02  -2.06968000e-02  -1.45564300e-02  -3.24558500e-02
  -1.71461400e-02  -2.05339700e-02   4.49550900e-02  -1.09647800e-02
   6.76290700e-02  -3.68588800e-02  -2.44594700e-02  -2.21687000e-02
  -3.03450500e-02   4.95728200e-02   1.76335600e-02  -1.98227300e-02]

Vetor Fiedler do grafo: 6
[  6.35923490e-01   4.54389100e-02  -4.55832300e-01   3.75347270e-01
  -6.03021100e-02  -1.91545800e-01  -7.41407700e-02   1.21659770e-01
   1.94595600e-02  -4.63156800e-02   8.55031000e-03  -6.01808900e-02
   2.89793400e-02  -8.96191000e-03  -6.14924000e-02  -9.49179700e-02
   4.00231700e-02  -2.79765600e-02   1.63350770e-01  -1.66713900e-02
   6.68820400e-02  -8.58574100e-02   1.12235700e-02  -4.60499800e-02
  -2.70408000e-03  -2.84800000e-05  -2.00140200e-02   1.43660540e-01
   5.63073100e-02   9.54627000e-03  -6.20386900e-02   3.01604700e-02
  -1.36032470e-01   5.40918000e-02   8.54918500e-02  -4.88069300e-02
   2.99322300e-02  -1.13236100e-02   1.16476810e-01   5.46220000e-03
  -8.86494900e-02   5.88033600e-02  -7.46928100e-02  -3.96286000e-03
  -5.33262100e-02  -5.90752300e-02  -3.85147800e-02  -1.69907600e-02
  -9.02367000e-03   1.12297100e-02  -6.95349300e-02  -3.53096100e-02
  -4.47570400e-02  -1.51021000e-03  -7.65765600e-02   6.18777000e-02
  -3.13925800e-02  -1.15837400e-02  -1.11198200e-02  -4.26647100e-02]

Vetor Fiedler do grafo: 7
[ 0.26323398 -0.46200538  0.16926675 -0.6043601  -0.19457797  0.24723127
  0.17579049 -0.19544729 -0.03127412  0.14780338  0.00208488 -0.07444931
  0.01082319  0.12055371  0.0915394   0.09935795 -0.01494119  0.05094787
  0.03365012  0.08986188 -0.09379976 -0.10273152 -0.07173182  0.01216136
  0.0549922  -0.04872092  0.01369041 -0.03248041  0.004166   -0.01051014
 -0.00328135 -0.04679419 -0.0847516  -0.0254694  -0.00252818 -0.03041888
  0.08085234  0.04688958  0.04246841  0.07583725 -0.03085101  0.01820234
  0.05266419  0.02249229  0.00403226 -0.03236052 -0.03933004  0.06893852
 -0.02736981  0.00666824  0.02980005  0.01741881  0.0356961   0.0187126
  0.03742305  0.03055651  0.07332873  0.00347807  0.00668814  0.00088261]

Vetor Fiedler do grafo: 8
[-0.61809882  0.62324807 -0.19972893  0.0638364  -0.02638787  0.04790174
 -0.11281769 -0.05753997 -0.01367904  0.20520068  0.01353961 -0.01673333
  0.02592577 -0.09874711 -0.01656341 -0.01435314  0.01570305 -0.09224765
  0.05942401  0.0603243   0.07244694  0.07385275 -0.06063559  0.02723613
 -0.11982373 -0.03556404 -0.0064248   0.03609793  0.09551609 -0.01633319
 -0.03154216  0.04759671  0.10808058 -0.05576516  0.0293569  -0.06324223
  0.02784756 -0.01487445 -0.00989739  0.03420382 -0.01428673  0.01518879
 -0.02849017  0.02469328  0.01599019  0.02262383 -0.01207861  0.0366271
 -0.06724014 -0.05108672 -0.07092316 -0.06130959  0.06637752  0.05294922
  0.02575414 -0.01347986  0.00108446  0.0241506   0.0393009   0.00781561]

Vetor Fiedler do grafo: 9
[ 0.93209549 -0.07740487 -0.07043131 -0.02103126  0.11621828  0.1080781
 -0.08905441 -0.08232976 -0.06522857 -0.03672338 -0.09047006 -0.02471993
 -0.00774423 -0.04587576 -0.03798904 -0.02348315 -0.03990695 -0.01470954
 -0.02752617 -0.00965285 -0.01759067  0.07841248 -0.01551509  0.06715355
 -0.01173263 -0.05092105 -0.02828203  0.0688238  -0.03566905 -0.01538183
 -0.03704995 -0.02139502 -0.03278963 -0.04244817 -0.0303785   0.01986985
 -0.00749602 -0.04347994 -0.050779   -0.02568231 -0.03773305 -0.04874322
  0.05800808 -0.0136367  -0.01413447  0.05853103 -0.04284282 -0.04538348
 -0.0256129  -0.01522595 -0.02916718  0.05531771 -0.02189809 -0.02794496
 -0.04176903 -0.01300366 -0.00784397 -0.02249323  0.04815471  0.02764178]

Vetor Fiedler do grafo: 10
[-0.92269805  0.11601594  0.04950793  0.06253264 -0.15370475  0.05858559
 -0.15414633  0.04274632  0.04131084  0.04643341 -0.02100002  0.04536921
  0.03509416  0.03605524  0.05085186  0.0419916   0.01741981  0.03725981
  0.06700464  0.04510897 -0.05349308  0.04189118  0.04478649  0.01888397
  0.04975674  0.04785103  0.03253758 -0.00254661 -0.06756293  0.04109154
  0.04564551  0.04061643  0.03378418 -0.08350238  0.0510775   0.03949216
  0.03018452 -0.07059077  0.02504542  0.00333012  0.03058479 -0.00689055
  0.0193509   0.04849243  0.01536901  0.03334909  0.01476589 -0.0014143
  0.01428064 -0.04355619  0.03896152  0.02625621  0.01796858  0.02780281
 -0.01915945  0.0141528  -0.03406905  0.01649902 -0.00270538 -0.02005619]

