Vetor Fiedler do grafo: 1
[ 0.75248224  0.38665862 -0.21713241 -0.158269    0.04154722 -0.05924684
  0.24617935  0.21596563 -0.04729124 -0.02763942 -0.03986297  0.03164644
  0.0051765  -0.06176861 -0.01098934 -0.04740655 -0.05424116 -0.04772399
 -0.06928108 -0.00779039 -0.05466266 -0.05725778  0.00239039 -0.01733075
 -0.00390505 -0.04000862 -0.03316208 -0.07746904 -0.0824712  -0.05116024
 -0.05738879 -0.03312107  0.01455772 -0.01610754 -0.06080362  0.01544218
  0.00507318  0.03230699 -0.00424808 -0.06093032 -0.00851448  0.09288066
  0.08505329 -0.03735916 -0.05655252 -0.04521157 -0.03299148  0.04062113
 -0.00474102 -0.0386278   0.0033634  -0.03654039  0.02237169 -0.06063622
 -0.02548035 -0.0007843  -0.03861461 -0.01950404 -0.02851008 -0.06097876]

Vetor Fiedler do grafo: 2
[  5.28179730e-01   6.24734770e-01  -2.02919750e-01  -2.00746040e-01
  -2.35720000e-04  -1.17345030e-01  -1.79666190e-01  -7.80530200e-02
  -6.62471400e-02  -1.18420760e-01  -8.57173700e-02  -3.40155700e-02
  -8.16159000e-02  -3.34889300e-02  -7.59881200e-02   5.53701400e-02
   1.87541900e-02  -1.45424120e-01   1.45637000e-01   2.54083700e-02
   1.42720500e-02  -1.09918800e-02  -7.72025400e-02  -9.48345000e-03
  -4.69769500e-02  -1.04830990e-01  -2.32985300e-02   3.19233000e-03
  -1.33670200e-02   1.14723800e-02   1.07299380e-01   1.05976700e-02
   1.52589100e-02  -7.66872800e-02   1.14516640e-01   6.79127400e-02
   2.50206400e-02  -3.12215000e-02   1.43004700e-02   1.68267700e-02
  -1.94992700e-02  -2.90758100e-02  -3.37668400e-02   8.10513800e-02
  -4.38343500e-02  -2.98488000e-02   1.93953800e-02   3.32681000e-02
   1.60432880e-01  -1.52946600e-02  -1.75433100e-02   1.78490400e-02
  -5.69912600e-02   3.91086800e-02  -4.81350100e-02  -2.79638300e-02
  -2.24502400e-02  -2.18565200e-02   5.44390800e-02  -2.40950500e-02]

Vetor Fiedler do grafo: 3
[  4.83490080e-01   9.28328400e-02   4.36058330e-01   1.78073600e-02
  -4.76940600e-01  -3.69626360e-01   6.18275200e-02   3.85785700e-02
   1.18875680e-01   3.75500800e-02  -8.01503800e-02  -2.85016050e-01
   1.53942890e-01  -5.19674000e-02   5.10409400e-02  -2.32154200e-02
  -1.40964200e-02  -3.34072000e-02  -3.08796000e-02  -2.61126800e-02
  -4.95399000e-03   3.65910000e-03   1.30960300e-02  -4.26323800e-02
   3.69008700e-02   3.12929000e-03   1.40003800e-02  -1.30744180e-01
   5.18246600e-02  -6.53110500e-02  -3.04779500e-02  -7.28315000e-03
   9.07526000e-03  -6.93885800e-02   5.55859000e-03  -1.69473400e-02
  -6.25452700e-02  -3.89752100e-02  -6.72741400e-02   2.76968100e-02
   2.02758700e-02   2.69449200e-02  -1.45504900e-02   6.21857000e-03
   6.63572000e-03   3.42746000e-03   3.63603300e-02  -2.99640000e-04
   2.06274500e-02   1.26444100e-02   6.72254300e-02   1.62006200e-02
   2.14898000e-02  -1.79833800e-02  -2.77506900e-02   2.97290600e-02
   2.67325200e-02  -4.17977300e-02   1.34444700e-02   6.54253900e-02]

Vetor Fiedler do grafo: 4
[ 0.90240439 -0.23388626 -0.07642534 -0.14876247 -0.06822891 -0.02925759
  0.00417947 -0.02369084 -0.08112568 -0.00191164  0.01331039 -0.03316866
 -0.04396161 -0.03765223 -0.02026076  0.01132659  0.1703495  -0.03802173
 -0.05931439  0.02810084 -0.03208312  0.01474487 -0.00499065 -0.03852707
 -0.00477559 -0.00598306 -0.04022329 -0.04896522 -0.02338274  0.11522939
 -0.0267306  -0.00159957 -0.03414327  0.00248728 -0.02081584  0.0340961
 -0.01745871  0.00766077 -0.02637814 -0.0391225  -0.00734137  0.0015173
 -0.01792501 -0.00892596 -0.01029907 -0.02239626 -0.04022062  0.08862455
 -0.02234116 -0.0053341   0.00515788 -0.02305935  0.08272887  0.00352147
 -0.0079305  -0.01800122 -0.02425587 -0.01697979 -0.04398534  0.04440347]

Vetor Fiedler do grafo: 5
[ 0.07880886 -0.31750665 -0.43510412 -0.41517354 -0.5682404   0.07152096
 -0.09115424  0.08604453 -0.01261052 -0.13395325  0.02439621  0.07766365
  0.05998052  0.10410105  0.05830592 -0.03738606 -0.07074602 -0.01212212
  0.02180864  0.05970943  0.10640628  0.01907429  0.08730249  0.05747391
 -0.01418634 -0.03063053  0.08818032  0.07797992 -0.06365251  0.06521831
  0.0302725   0.07314333  0.05020768  0.05091404 -0.1295546   0.06509137
  0.04531799  0.03233696  0.02562972  0.05847564  0.06429768  0.06514456
  0.08566591  0.04933318  0.07099043 -0.00180985  0.01912047 -0.01456234
  0.052431   -0.00938978 -0.00900621  0.06330152  0.05611703 -0.01396946
  0.06730861  0.01291285  0.05459788  0.04123287  0.06168987  0.04125016]

Vetor Fiedler do grafo: 6
[ 0.85929728 -0.28235343 -0.05986611 -0.04458335 -0.01437867  0.2657828
 -0.04868862 -0.04655506 -0.0595601  -0.01004371 -0.03826937  0.02741425
 -0.01986974 -0.0382659   0.1727249  -0.02143588 -0.00511182  0.00977346
 -0.04070306 -0.02689939 -0.04102899 -0.00256603  0.03593129 -0.02228681
 -0.05915456 -0.02996149 -0.04800654 -0.03662371 -0.03659431 -0.02379371
 -0.02861158  0.09800552 -0.08049211 -0.04862743 -0.04237807  0.0141378
 -0.03307716 -0.03136224  0.01155493 -0.01992136 -0.04900641  0.00305965
 -0.01364958 -0.00233119 -0.04396842 -0.03046608 -0.03018144  0.01705738
 -0.01914464 -0.02512643 -0.02006767  0.01774883  0.01989433 -0.00964775
 -0.01844977 -0.02202592 -0.02512757 -0.03900446  0.09922027  0.03766496]

Vetor Fiedler do grafo: 7
[ 0.95411757 -0.02524899 -0.09700471 -0.06537895 -0.05365788 -0.0168402
 -0.04908685 -0.02669906 -0.02355335 -0.02566074  0.01564873 -0.04277153
 -0.03842553 -0.02656249 -0.02689349  0.02835154 -0.00557778 -0.04040269
 -0.06033448 -0.00341281 -0.05383411 -0.02066011 -0.00380678  0.01714759
 -0.0172455  -0.01999393  0.01549082 -0.03264549 -0.0371297  -0.0126402
 -0.01910926 -0.00791227 -0.02564278  0.00656109  0.00161686  0.11227838
 -0.02520296  0.10736092 -0.03930325 -0.02530983 -0.01564131 -0.02263609
 -0.01763544 -0.02703582 -0.02587961 -0.03866582 -0.01962785 -0.02672909
 -0.03778504  0.064081   -0.00678377 -0.02827163 -0.02099551 -0.04306409
 -0.03236392 -0.00846516  0.07351513 -0.02752553 -0.01018029 -0.01893597]

Vetor Fiedler do grafo: 8
[ -7.18315780e-01   1.39504750e-01   1.87222290e-01  -1.14884200e-02
  -3.86006260e-01  -1.60405600e-02   1.41507180e-01   2.13137110e-01
   5.62617400e-02   5.95425200e-02  -1.42483210e-01  -1.97908000e-02
  -1.59360060e-01   4.71011400e-02   1.12695700e-01   4.54548000e-03
  -4.27060000e-04   3.90700000e-03   1.14722920e-01   9.89761600e-02
  -7.34469000e-03   5.95357400e-02  -4.02677900e-02  -1.64083860e-01
   5.13309000e-03   1.95402100e-02   3.03785900e-02   9.88728700e-02
  -1.85811400e-02   5.41196100e-02   4.14753000e-02   5.82111200e-02
  -2.20039000e-03  -1.37135410e-01   1.90392100e-02  -6.03217200e-02
   9.89648400e-02  -7.16384400e-02   7.35561000e-03  -1.03097000e-02
  -1.54231100e-02  -2.12991900e-02   2.66208100e-02  -5.52942800e-02
   4.52174000e-02  -4.85594000e-03   6.61703800e-02   6.15475600e-02
   1.21131000e-03  -2.00078100e-02   8.95254200e-02   2.76969000e-02
   5.83839500e-02  -2.80784900e-02  -1.50520000e-03  -4.65030900e-02
   5.56345300e-02   2.42265200e-02   1.92028900e-02   1.15745200e-02]

Vetor Fiedler do grafo: 9
[-0.28848696  0.78247706  0.12639283 -0.05304336  0.28346586 -0.08525639
 -0.05441296  0.09237391  0.05209777 -0.03120147 -0.05710878 -0.13861638
 -0.09169833  0.03057388 -0.05641331 -0.02531756 -0.03021261 -0.01421976
 -0.00335748  0.19524501 -0.07424187 -0.1106734  -0.12927877 -0.02477324
 -0.01409274 -0.0365883  -0.0141715   0.01064574 -0.03005688  0.02143474
 -0.05252863 -0.06430327 -0.01314216 -0.06388468  0.15324214 -0.01036488
 -0.03333824 -0.04834136  0.00082043 -0.07117007 -0.05203728 -0.02514145
 -0.03142968  0.02698804 -0.01518979 -0.01567717  0.00531325  0.08275816
  0.02359847 -0.03150007 -0.02925862 -0.00943551  0.02517834 -0.01562298
 -0.05617675  0.03747502  0.05348404  0.04335839 -0.03612217 -0.00903625]

Vetor Fiedler do grafo: 10
[ -9.20138730e-01   3.64737300e-02   7.99659900e-02   1.31903500e-02
   7.94833900e-02   2.61257200e-02   7.12887700e-02  -2.37015560e-01
   2.66915400e-02  -1.12727900e-02   3.23689300e-02   3.26824900e-02
   4.25930000e-03   4.07445800e-02  -1.67273140e-01   5.07623700e-02
   3.59936200e-02   2.96066200e-02   4.02897900e-02   2.71483300e-02
   6.69826000e-03   2.69864300e-02   2.25999000e-02   9.05059000e-03
   3.09496400e-02   9.29992000e-03   6.92457000e-03   3.30270200e-02
  -8.84084700e-02  -3.79729000e-03   3.36730900e-02  -2.01937700e-02
   3.13752100e-02   2.58402300e-02   5.02647700e-02   1.98130300e-02
   5.84160000e-03   3.78167300e-02   5.46570700e-02   4.01701400e-02
   2.60356200e-02   2.03983800e-02   1.34740600e-02   3.38052900e-02
   4.19543600e-02   3.89190000e-04   2.30204500e-02   4.09379900e-02
   2.92637200e-02   2.16355000e-03   2.85402200e-02   8.51723000e-03
   1.76230000e-02   2.79141600e-02   2.47097300e-02   1.95160400e-02
   3.02533000e-02  -4.45526400e-02   4.24339000e-03   2.78290100e-02]

